2021-11-15 10:22:43.910396,-1,-1,-1,-1,-1,-1,-1,-1,-1,-1,-1,-1,-1,-1,-1,-1,-1,-1,-1,-1,-1,-1,-1,-1,-1,-1,-1,-1,-1,-1,-1,-1
2021-11-15 10:22:50.803044,-1,-1,-1,-1,-1,-1,-1,-1,-1,-1,-1,-1,-1,-1,-1,-1,-1,-1,-1,-1,-1,-1,-1,-1,-1,-1,-1,-1,-1,-1,-1,-1
2021-11-15 10:22:57.673081,-1,-1,-1,-1,-1,-1,-1,-1,-1,-1,-1,-1,-1,-1,-1,-1,-1,-1,-1,-1,-1,-1,-1,-1,-1,-1,-1,-1,-1,-1,-1,-1
2021-11-15 10:23:04.565955,-1,-1,-1,-1,-1,-1,-1,-1,-1,-1,-1,-1,-1,-1,-1,-1,-1,-1,-1,-1,-1,-1,-1,-1,-1,-1,-1,-1,-1,-1,-1,-1
2021-11-15 10:23:11.456618,-1,-1,-1,-1,-1,-1,-1,-1,-1,-1,-1,-1,-1,-1,-1,-1,-1,-1,-1,-1,-1,-1,-1,-1,-1,-1,-1,-1,-1,-1,-1,-1
2021-11-15 10:23:18.344418,-1,-1,-1,-1,-1,-1,-1,-1,-1,-1,-1,-1,-1,-1,-1,-1,-1,-1,-1,-1,-1,-1,-1,-1,-1,-1,-1,-1,-1,-1,-1,-1
2021-11-15 10:23:25.266481,-1,-1,-1,-1,-1,-1,-1,-1,-1,-1,-1,-1,-1,-1,-1,-1,-1,-1,-1,-1,-1,-1,-1,-1,-1,-1,-1,-1,-1,-1,-1,-1
2021-11-15 10:23:32.139915,-1,-1,-1,-1,-1,-1,-1,-1,-1,-1,-1,-1,-1,-1,-1,-1,-1,-1,-1,-1,-1,-1,-1,-1,-1,-1,-1,-1,-1,-1,-1,-1
2021-11-15 10:23:39.036200,-1,-1,-1,-1,-1,-1,-1,-1,-1,-1,-1,-1,-1,-1,-1,-1,-1,-1,-1,-1,-1,-1,-1,-1,-1,-1,-1,-1,-1,-1,-1,-1
2021-11-15 10:23:45.933448,-1,-1,-1,-1,-1,-1,-1,-1,-1,-1,-1,-1,-1,-1,-1,-1,-1,-1,-1,-1,-1,-1,-1,-1,-1,-1,-1,-1,-1,-1,-1,-1
2021-11-15 10:23:52.825341,-1,-1,-1,-1,-1,-1,-1,-1,-1,-1,-1,-1,-1,-1,-1,-1,-1,-1,-1,-1,-1,-1,-1,-1,-1,-1,-1,-1,-1,-1,-1,-1
2021-11-15 10:23:59.720407,-1,-1,-1,-1,-1,-1,-1,-1,-1,-1,-1,-1,-1,-1,-1,-1,-1,-1,-1,-1,-1,-1,-1,-1,-1,-1,-1,-1,-1,-1,-1,-1
2021-11-15 10:24:06.619056,-1,-1,-1,-1,-1,-1,-1,-1,-1,-1,-1,-1,-1,-1,-1,-1,-1,-1,-1,-1,-1,-1,-1,-1,-1,-1,-1,-1,-1,-1,-1,-1
2021-11-15 10:24:13.501575,-1,-1,-1,-1,-1,-1,-1,-1,-1,-1,-1,-1,-1,-1,-1,-1,-1,-1,-1,-1,-1,-1,-1,-1,-1,-1,-1,-1,-1,-1,-1,-1
2021-11-15 10:24:20.398219,-1,-1,-1,-1,-1,-1,-1,-1,-1,-1,-1,-1,-1,-1,-1,-1,-1,-1,-1,-1,-1,-1,-1,-1,-1,-1,-1,-1,-1,-1,-1,-1
2021-11-15 10:24:27.272130,-1,-1,-1,-1,-1,-1,-1,-1,-1,-1,-1,-1,-1,-1,-1,-1,-1,-1,-1,-1,-1,-1,-1,-1,-1,-1,-1,-1,-1,-1,-1,-1
2021-11-15 10:24:34.141626,-1,-1,-1,-1,-1,-1,-1,-1,-1,-1,-1,-1,-1,-1,-1,-1,-1,-1,-1,-1,-1,-1,-1,-1,-1,-1,-1,-1,-1,-1,-1,-1
2021-11-15 10:24:41.018587,-1,-1,-1,-1,-1,-1,-1,-1,-1,-1,-1,-1,-1,-1,-1,-1,-1,-1,-1,-1,-1,-1,-1,-1,-1,-1,-1,-1,-1,-1,-1,-1
2021-11-15 10:24:47.902296,-1,-1,-1,-1,-1,-1,-1,-1,-1,-1,-1,-1,-1,-1,-1,-1,-1,-1,-1,-1,-1,-1,-1,-1,-1,-1,-1,-1,-1,-1,-1,-1
2021-11-15 10:24:54.780064,-1,-1,-1,-1,-1,-1,-1,-1,-1,-1,-1,-1,-1,-1,-1,-1,-1,-1,-1,-1,-1,-1,-1,-1,-1,-1,-1,-1,-1,-1,-1,-1
2021-11-15 10:25:01.682303,-1,-1,-1,-1,-1,-1,-1,-1,-1,-1,-1,-1,-1,-1,-1,-1,-1,-1,-1,-1,-1,-1,-1,-1,-1,-1,-1,-1,-1,-1,-1,-1
2021-11-15 10:25:10.494813,-1,-1,-1,-1,-1,-1,-1,-1,-1,-1,-1,-1,-1,-1,-1,-1,-1,-1,-1,-1,-1,-1,-1,-1,-1,-1,-1,-1,-1,-1,-1,-1
2021-11-15 10:25:16.131233,21.868028613455124,21.903927863958472,21.903927863958472,20.614199086471785,21.903927863958472,21.79624426391564,21.616863730787827,20.685725631469097,21.832134095896606,21.760359070159325,21.616863730787827,20.649960794910555,21.6527308449094,21.760359070159325,21.437593239661,20.900382979067615,21.6527308449094,21.688602407975907,21.688602407975907,20.614199086471785,21.724478467288122,21.581001018322752,21.36591453159906,20.86459838461616,21.760359070159325,21.760359070159325,21.473438818155387,20.32821237979465,21.401751826550026,21.401751826550026,21.079358761957963,20.113837247394883
2021-11-15 10:25:21.840174,21.832134095896606,21.903927863958472,21.832134095896606,20.32821237979465,21.939831894788085,21.760359070159325,21.581001018322752,20.471182591984757,21.832134095896606,21.760359070159325,21.581001018322752,20.435435817706832,21.688602407975907,21.760359070159325,21.401751826550026,20.72149364324656,21.6527308449094,21.688602407975907,21.6527308449094,20.363950758706324,21.760359070159325,21.581001018322752,21.330081307594526,20.72149364324656,21.760359070159325,21.760359070159325,21.401751826550026,20.078116809208836,21.36591453159906,21.330081307594526,20.971962588714746,19.863842395899326
2021-11-15 10:25:27.511464,21.832134095896606,21.903927863958472,21.79624426391564,20.113837247394883,21.975740753340233,21.79624426391564,21.54514266023739,20.29247670514758,21.79624426391564,21.724478467288122,21.50928860926632,20.18528543580919,21.724478467288122,21.79624426391564,21.401751826550026,20.57844045905523,21.6527308449094,21.688602407975907,21.581001018322752,20.14956010722483,21.79624426391564,21.616863730787827,21.294252107331943,20.57844045905523,21.724478467288122,21.760359070159325,21.294252107331943,19.79243482821579,21.330081307594526,21.294252107331943,20.900382979067615,19.649643284696992
2021-11-15 10:25:33.228502,21.79624426391564,21.903927863958472,21.724478467288122,19.863842395899326,22.011654487026192,21.79624426391564,21.50928860926632,20.14956010722483,21.760359070159325,21.724478467288122,21.437593239661,19.970969553348993,21.760359070159325,21.832134095896606,21.401751826550026,20.435435817706832,21.616863730787827,21.688602407975907,21.50928860926632,19.935258330551562,21.832134095896606,21.6527308449094,21.294252107331943,20.506932258906204,21.724478467288122,21.724478467288122,21.222605589258762,19.542568783797435,21.330081307594526,21.258426883615755,20.828817200920525,19.471194197425234
2021-11-15 10:25:38.928891,21.79624426391564,21.868028613455124,21.6527308449094,19.649643284696992,22.083496769522924,21.832134095896606,21.473438818155387,20.006683009306585,21.760359070159325,21.724478467288122,21.36591453159906,19.75673406410533,21.868028613455124,21.868028613455124,21.401751826550026,20.363950758706324,21.616863730787827,21.688602407975907,21.473438818155387,19.721035250264947,21.939831894788085,21.688602407975907,21.330081307594526,20.399691888978793,21.688602407975907,21.724478467288122,21.11516481059209,19.328463518431988,21.36591453159906,21.258426883615755,20.75726487734437,19.328463518431988
2021-11-15 10:25:44.505023,21.760359070159325,21.868028613455124,21.581001018322752,19.471194197425234,22.155359121885567,21.832134095896606,21.473438818155387,19.899549293781263,21.724478467288122,21.688602407975907,21.330081307594526,19.57825855403621,21.939831894788085,21.903927863958472,21.401751826550026,20.256743687667665,21.616863730787827,21.6527308449094,21.401751826550026,19.542568783797435,22.011654487026192,21.760359070159325,21.330081307594526,20.32821237979465,21.688602407975907,21.688602407975907,21.007757698160276,19.1144080613621,21.401751826550026,21.258426883615755,20.72149364324656,19.221430202350575
2021-11-15 10:25:51.752854,21.760359070159325,21.832134095896606,21.50928860926632,19.292784425865875,22.22724192398681,21.868028613455124,21.473438818155387,19.82813758976124,21.724478467288122,21.688602407975907,21.222605589258762,19.364143994596986,22.04757314327287,21.975740753340233,21.401751826550026,20.18528543580919,21.616863730787827,21.6527308449094,21.294252107331943,19.328463518431988,22.155359121885567,21.832134095896606,21.36591453159906,20.256743687667665,21.688602407975907,21.688602407975907,20.936171031392973,18.864726008357366,21.437593239661,21.258426883615755,20.685725631469097,19.078736276812833
2021-11-15 10:25:57.411962,21.724478467288122,21.832134095896606,21.401751826550026,19.043065544545357,22.33510530205581,21.903927863958472,21.473438818155387,19.685338339522218,21.724478467288122,21.6527308449094,21.15097459991449,19.221430202350575,22.11942541323532,22.011654487026192,21.437593239661,20.078116809208836,21.581001018322752,21.616863730787827,21.222605589258762,19.150080945565264,22.22724192398681,21.868028613455124,21.401751826550026,20.22101328025542,21.6527308449094,21.6527308449094,20.828817200920525,18.686405664470442,21.473438818155387,21.258426883615755,20.649960794910555,18.9717270472932
2021-11-15 10:26:03.007250,21.724478467288122,21.79624426391564,21.330081307594526,18.9717270472932,22.407040892296322,21.975740753340233,21.473438818155387,19.613950038600706,21.688602407975907,21.6527308449094,21.079358761957963,19.078736276812833,22.22724192398681,22.083496769522924,21.437593239661,20.04239874555219,21.581001018322752,21.616863730787827,21.15097459991449,19.043065544545357,22.33510530205581,21.975740753340233,21.437593239661,20.18528543580919,21.6527308449094,21.6527308449094,20.75726487734437,18.543759216543208,21.50928860926632,21.294252107331943,20.649960794910555,18.90039219032701
2021-11-15 10:26:08.687447,21.688602407975907,21.79624426391564,21.258426883615755,18.82906059411397,22.47899826409207,21.975740753340233,21.473438818155387,19.57825855403621,21.688602407975907,21.616863730787827,21.007757698160276,18.936059187489036,22.33510530205581,22.155359121885567,21.473438818155387,20.006683009306585,21.581001018322752,21.581001018322752,21.079358761957963,18.864726008357366,22.44301683168152,22.011654487026192,21.473438818155387,20.14956010722483,21.616863730787827,21.616863730787827,20.649960794910555,18.401118203648025,21.581001018322752,21.294252107331943,20.614199086471785,18.82906059411397
2021-11-15 10:26:14.345167,21.688602407975907,21.760359070159325,21.15097459991449,18.686405664470442,22.55097779865696,22.04757314327287,21.473438818155387,19.50688068066887,21.688602407975907,21.616863730787827,20.936171031392973,18.793395900113296,22.407040892296322,22.191297942966116,21.473438818155387,19.970969553348993,21.581001018322752,21.581001018322752,21.007757698160276,18.72206848281928,22.55097779865696,22.083496769522924,21.50928860926632,20.113837247394883,21.616863730787827,21.581001018322752,20.57844045905523,18.25847957383337,21.616863730787827,21.294252107331943,20.614199086471785,18.7577318788546
2021-11-15 10:26:20.005228,21.688602407975907,21.724478467288122,21.079358761957963,18.579420199892752,22.65898949041906,22.083496769522924,21.473438818155387,19.471194197425234,21.688602407975907,21.581001018322752,20.86459838461616,18.72206848281928,22.514985237189705,22.22724192398681,21.50928860926632,19.899549293781263,21.581001018322752,21.581001018322752,20.936171031392973,18.615081570591315,22.65898949041906,22.155359121885567,21.54514266023739,20.078116809208836,21.616863730787827,21.581001018322752,20.506932258906204,18.151500326241944,21.6527308449094,21.330081307594526,20.57844045905523,18.686405664470442
2021-11-15 10:26:25.698914,21.688602407975907,21.724478467288122,21.043556406861967,18.47243822133538,22.73102610191779,22.11942541323532,21.473438818155387,19.435509286831177,21.688602407975907,21.581001018322752,20.79303938086673,18.615081570591315,22.58697599619734,22.29914555597685,21.54514266023739,19.863842395899326,21.581001018322752,21.54514266023739,20.86459838461616,18.50809857290892,22.73102610191779,22.191297942966116,21.54514266023739,20.04239874555219,21.616863730787827,21.54514266023739,20.435435817706832,18.04451940718451,21.724478467288122,21.330081307594526,20.57844045905523,18.650743376252535
2021-11-15 10:26:31.392850,21.6527308449094,21.688602407975907,20.936171031392973,18.365458442118893,22.803086213116956,22.11942541323532,21.473438818155387,19.364143994596986,21.688602407975907,21.54514266023739,20.72149364324656,18.50809857290892,22.695004882615933,22.33510530205581,21.54514266023739,19.82813758976124,21.581001018322752,21.54514266023739,20.79303938086673,18.401118203648025,22.839125200712942,22.26319111247517,21.581001018322752,20.04239874555219,21.616863730787827,21.54514266023739,20.32821237979465,17.93753552247989,21.760359070159325,21.36591453159906,20.57844045905523,18.579420199892752
2021-11-15 10:26:37.025446,21.6527308449094,21.6527308449094,20.900382979067615,18.294139174986242,22.839125200712942,22.155359121885567,21.473438818155387,19.328463518431988,21.688602407975907,21.54514266023739,20.649960794910555,18.401118203648025,22.76705319613893,22.407040892296322,21.54514266023739,19.82813758976124,21.581001018322752,21.50928860926632,20.72149364324656,18.32979878181942,22.911221279324195,22.33510530205581,21.616863730787827,20.006683009306585,21.581001018322752,21.50928860926632,20.256743687667665,17.830547375828246,21.79624426391564,21.36591453159906,20.54268486556498,18.543759216543208
2021-11-15 10:26:42.705613,21.6527308449094,21.6527308449094,20.79303938086673,18.222819930551168,22.911221279324195,22.191297942966116,21.473438818155387,19.292784425865875,21.6527308449094,21.50928860926632,20.57844045905523,18.32979878181942,22.875170206812186,22.44301683168152,21.581001018322752,19.79243482821579,21.581001018322752,21.50928860926632,20.649960794910555,18.222819930551168,23.01941137480668,22.37107039829499,21.6527308449094,20.006683009306585,21.581001018322752,21.473438818155387,20.18528543580919,17.723553668712725,21.832134095896606,21.36591453159906,20.54268486556498,18.50809857290892
2021-11-15 10:26:48.322197,21.6527308449094,21.616863730787827,20.72149364324656,18.151500326241944,22.983341815349206,22.22724192398681,21.473438818155387,19.257106669606856,21.6527308449094,21.473438818155387,20.54268486556498,18.294139174986242,22.947278466183377,22.47899826409207,21.581001018322752,19.75673406410533,21.581001018322752,21.473438818155387,20.614199086471785,18.151500326241944,23.09156931666621,22.407040892296322,21.6527308449094,19.970969553348993,21.581001018322752,21.437593239661,20.113837247394883,17.652220799200734,21.868028613455124,21.36591453159906,20.54268486556498,18.47243822133538
2021-11-15 10:26:53.975827,21.6527308449094,21.581001018322752,20.685725631469097,18.04451940718451,23.055487192566602,22.26319111247517,21.473438818155387,19.221430202350575,21.6527308449094,21.473438818155387,20.471182591984757,18.18716019730647,22.983341815349206,22.514985237189705,21.616863730787827,19.721035250264947,21.581001018322752,21.437593239661,20.506932258906204,18.08017997910048,23.16375267616627,22.47899826409207,21.688602407975907,19.935258330551562,21.581001018322752,21.437593239661,20.04239874555219,17.580884494248664,21.903927863958472,21.401751826550026,20.506932258906204,18.401118203648025
2021-11-15 10:26:59.633197,21.616863730787827,21.581001018322752,20.614199086471785,17.973197226871605,23.09156931666621,22.26319111247517,21.473438818155387,19.185754976780174,21.6527308449094,21.437593239661,20.399691888978793,18.115840269475598,23.055487192566602,22.55097779865696,21.616863730787827,19.685338339522218,21.581001018322752,21.437593239661,20.471182591984757,18.00885850576958,23.23596183814334,22.514985237189705,21.688602407975907,19.935258330551562,21.581001018322752,21.401751826550026,19.970969553348993,17.50954436734196,21.939831894788085,21.401751826550026,20.506932258906204,18.365458442118893
2021-11-15 10:27:05.294838,21.616863730787827,21.54514266023739,20.54268486556498,17.93753552247989,23.16375267616627,22.29914555597685,21.473438818155387,19.150080945565264,21.6527308449094,21.437593239661,20.363950758706324,18.04451940718451,23.12765779516917,22.58697599619734,21.616863730787827,19.685338339522218,21.581001018322752,21.401751826550026,20.435435817706832,17.93753552247989,23.30819718787791,22.55097779865696,21.724478467288122,19.935258330551562,21.581001018322752,21.36591453159906,19.935258330551562,17.438200031462316,21.975740753340233,21.401751826550026,20.471182591984757,18.365458442118893
2021-11-15 10:27:10.980780,21.616863730787827,21.50928860926632,20.506932258906204,17.866210645037143,23.199854007775684,22.33510530205581,21.473438818155387,19.1144080613621,21.6527308449094,21.401751826550026,20.29247670514758,17.973197226871605,23.199854007775684,22.622979877535784,21.616863730787827,19.649643284696992,21.581001018322752,21.401751826550026,20.363950758706324,17.901873344556748,23.380459111106802,22.58697599619734,21.724478467288122,19.899549293781263,21.581001018322752,21.330081307594526,19.863842395899326,17.402526164073436,21.975740753340233,21.401751826550026,20.471182591984757,18.294139174986242
2021-11-15 10:27:16.665034,21.616863730787827,21.473438818155387,20.435435817706832,17.79488348880915,23.23596183814334,22.33510530205581,21.473438818155387,19.1144080613621,21.6527308449094,21.36591453159906,20.256743687667665,17.93753552247989,23.272076215443178,22.65898949041906,21.616863730787827,19.649643284696992,21.581001018322752,21.36591453159906,20.29247670514758,17.830547375828246,23.45274799403495,22.65898949041906,21.760359070159325,19.863842395899326,21.54514266023739,21.330081307594526,19.79243482821579,17.331174787940768,22.011654487026192,21.401751826550026,20.435435817706832,18.25847957383337
2021-11-15 10:27:22.324052,21.616863730787827,21.473438818155387,20.363950758706324,17.759218935830177,23.30819718787791,22.33510530205581,21.473438818155387,19.078736276812833,21.6527308449094,21.36591453159906,20.18528543580919,17.901873344556748,23.30819718787791,22.695004882615933,21.616863730787827,-1,21.616863730787827,21.36591453159906,20.256743687667665,17.79488348880915,23.488902666206286,22.65898949041906,21.760359070159325,19.863842395899326,21.54514266023739,21.294252107331943,19.721035250264947,17.29549718211331,22.04757314327287,21.401751826550026,20.435435817706832,18.222819930551168
2021-11-15 10:27:27.966578,21.616863730787827,21.437593239661,20.29247670514758,17.723553668712725,23.34432480367883,22.33510530205581,21.437593239661,19.043065544545357,21.6527308449094,21.330081307594526,20.113837247394883,17.830547375828246,23.380459111106802,22.695004882615933,21.6527308449094,19.57825855403621,21.616863730787827,21.330081307594526,20.18528543580919,17.723553668712725,23.561232713871675,22.695004882615933,21.760359070159325,19.82813758976124,21.54514266023739,21.258426883615755,19.685338339522218,17.224137891969633,22.083496769522924,21.401751826550026,20.435435817706832,18.222819930551168
2021-11-15 10:27:33.585117,21.616863730787827,21.401751826550026,20.256743687667665,17.652220799200734,23.380459111106802,22.37107039829499,21.473438818155387,19.007395817172778,21.688602407975907,21.330081307594526,20.078116809208836,17.759218935830177,23.416600158452013,22.73102610191779,21.6527308449094,19.57825855403621,21.616863730787827,21.294252107331943,20.14956010722483,17.652220799200734,23.597408186222708,22.695004882615933,21.760359070159325,19.82813758976124,21.54514266023739,21.258426883615755,19.613950038600706,17.15277283947745,22.083496769522924,21.437593239661,20.399691888978793,18.18716019730647
2021-11-15 10:27:39.205494,21.581001018322752,21.36591453159906,20.18528543580919,17.616553100300223,23.416600158452013,22.37107039829499,21.437593239661,19.007395817172778,21.688602407975907,21.294252107331943,20.04239874555219,17.723553668712725,23.45274799403495,22.76705319613893,21.6527308449094,19.542568783797435,21.616863730787827,21.294252107331943,20.078116809208836,17.616553100300223,23.669780270342414,22.73102610191779,21.760359070159325,19.79243482821579,21.54514266023739,21.222605589258762,19.57825855403621,17.117088030580646,22.11942541323532,21.401751826550026,20.399691888978793,18.151500326241944
2021-11-15 10:27:44.858841,21.581001018322752,21.330081307594526,20.14956010722483,17.580884494248664,23.45274799403495,22.407040892296322,21.437593239661,18.9717270472932,21.688602407975907,21.258426883615755,19.970969553348993,17.687887639248856,23.525064223347613,22.76705319613893,21.6527308449094,19.50688068066887,21.616863730787827,21.294252107331943,20.04239874555219,17.580884494248664,23.705976979160766,22.76705319613893,21.79624426391564,19.79243482821579,21.54514266023739,21.18678817708212,19.50688068066887,17.08140163490009,22.11942541323532,21.401751826550026,20.363950758706324,18.151500326241944
2021-11-15 10:27:50.471980,21.581001018322752,21.330081307594526,20.078116809208836,17.50954436734196,23.45274799403495,22.37107039829499,21.401751826550026,18.9717270472932,21.688602407975907,21.258426883615755,19.935258330551562,17.652220799200734,23.561232713871675,22.803086213116956,21.6527308449094,19.50688068066887,21.6527308449094,21.258426883615755,20.006683009306585,17.545214932716362,23.778391973185535,22.803086213116956,21.79624426391564,19.75673406410533,21.54514266023739,21.15097459991449,19.471194197425234,17.045713603627348,22.155359121885567,21.401751826550026,20.363950758706324,18.115840269475598
2021-11-15 10:27:56.157549,21.581001018322752,21.294252107331943,20.04239874555219,17.473872749732436,23.525064223347613,-1,21.437593239661,18.936059187489036,21.688602407975907,21.222605589258762,19.899549293781263,17.616553100300223,23.597408186222708,22.803086213116956,21.6527308449094,19.50688068066887,21.6527308449094,21.258426883615755,19.970969553348993,17.50954436734196,23.81461035564115,22.839125200712942,21.79624426391564,19.75673406410533,21.54514266023739,21.15097459991449,19.399825901640668,17.01002388791659,22.155359121885567,21.401751826550026,20.363950758706324,18.08017997910048
2021-11-15 10:28:01.821902,21.581001018322752,21.294252107331943,19.970969553348993,17.438200031462316,23.525064223347613,22.44301683168152,21.401751826550026,18.90039219032701,21.688602407975907,21.222605589258762,19.863842395899326,17.580884494248664,23.63359068887678,22.839125200712942,21.6527308449094,19.471194197425234,21.6527308449094,21.222605589258762,19.899549293781263,17.438200031462316,23.850836059948335,22.839125200712942,21.79624426391564,19.721035250264947,21.54514266023739,21.11516481059209,19.364143994596986,16.97433243888412,22.155359121885567,21.401751826550026,20.32821237979465,18.04451940718451
2021-11-15 10:28:07.411715,21.581001018322752,21.258426883615755,19.935258330551562,17.402526164073436,23.561232713871675,22.44301683168152,21.401751826550026,18.90039219032701,21.688602407975907,21.18678817708212,19.79243482821579,17.545214932716362,23.669780270342414,22.839125200712942,21.6527308449094,19.471194197425234,21.6527308449094,21.222605589258762,19.863842395899326,17.402526164073436,23.887069134817295,22.839125200712942,21.79624426391564,19.721035250264947,21.54514266023739,21.11516481059209,19.328463518431988,16.902944145128174,22.191297942966116,21.401751826550026,20.29247670514758,18.04451940718451
2021-11-15 10:28:13.037228,21.581001018322752,21.222605589258762,19.899549293781263,17.36685109907455,23.597408186222708,22.44301683168152,21.401751826550026,18.90039219032701,21.688602407975907,21.18678817708212,19.75673406410533,17.473872749732436,23.705976979160766,22.875170206812186,21.6527308449094,19.435509286831177,21.6527308449094,21.18678817708212,19.82813758976124,17.402526164073436,23.923309628993422,22.875170206812186,21.79624426391564,19.685338339522218,21.54514266023739,21.079358761957963,19.257106669606856,16.902944145128174,22.191297942966116,21.401751826550026,20.29247670514758,18.00885850576958
2021-11-15 10:28:18.760536,21.581001018322752,21.222605589258762,19.82813758976124,17.331174787940768,23.597408186222708,22.44301683168152,21.401751826550026,18.864726008357366,21.688602407975907,21.15097459991449,19.721035250264947,17.473872749732436,23.7421808639059,22.875170206812186,21.6527308449094,19.435509286831177,21.688602407975907,21.18678817708212,19.79243482821579,17.36685109907455,23.95955759125701,22.875170206812186,21.79624426391564,19.685338339522218,21.50928860926632,21.043556406861967,19.221430202350575,16.867247202444503,22.191297942966116,21.401751826550026,20.29247670514758,17.973197226871605
2021-11-15 10:28:24.440902,21.581001018322752,21.18678817708212,19.79243482821579,17.331174787940768,23.63359068887678,22.44301683168152,21.36591453159906,18.82906059411397,21.688602407975907,21.15097459991449,19.685338339522218,17.438200031462316,23.778391973185535,22.875170206812186,21.616863730787827,19.399825901640668,21.688602407975907,21.15097459991449,19.721035250264947,17.331174787940768,23.995813070424617,22.911221279324195,21.79624426391564,19.685338339522218,21.50928860926632,21.007757698160276,19.185754976780174,16.831548330518103,22.22724192398681,21.36591453159906,20.256743687667665,17.973197226871605
2021-11-15 10:28:30.019800,21.581001018322752,21.15097459991449,19.75673406410533,17.29549718211331,23.63359068887678,22.44301683168152,21.36591453159906,18.82906059411397,21.688602407975907,21.11516481059209,19.613950038600706,17.402526164073436,23.81461035564115,22.911221279324195,21.616863730787827,19.399825901640668,21.688602407975907,21.15097459991449,19.721035250264947,17.29549718211331,24.032076115348502,22.911221279324195,21.79624426391564,19.649643284696992,21.50928860926632,21.007757698160276,19.150080945565264,16.7958474802698,22.22724192398681,21.36591453159906,20.256743687667665,17.973197226871605
2021-11-15 10:28:35.642523,21.581001018322752,21.15097459991449,19.721035250264947,17.259818232998953,23.669780270342414,22.44301683168152,21.36591453159906,18.82906059411397,21.688602407975907,21.11516481059209,19.57825855403621,17.36685109907455,23.81461035564115,22.911221279324195,21.616863730787827,19.364143994596986,21.688602407975907,21.15097459991449,19.685338339522218,17.259818232998953,24.068346774917643,22.947278466183377,21.79624426391564,19.649643284696992,21.50928860926632,20.971962588714746,19.078736276812833,16.760144602580226,22.22724192398681,21.36591453159906,20.22101328025542,17.93753552247989
2021-11-15 10:28:41.302103,21.581001018322752,21.11516481059209,19.685338339522218,17.224137891969633,23.669780270342414,22.44301683168152,21.330081307594526,18.793395900113296,21.688602407975907,21.079358761957963,19.542568783797435,17.36685109907455,23.850836059948335,22.911221279324195,21.616863730787827,19.364143994596986,21.688602407975907,21.11516481059209,19.613950038600706,17.224137891969633,24.068346774917643,22.911221279324195,21.79624426391564,19.649643284696992,21.50928860926632,20.971962588714746,19.043065544545357,16.760144602580226,22.22724192398681,21.330081307594526,20.18528543580919,17.901873344556748
2021-11-15 10:28:46.945389,21.54514266023739,21.11516481059209,19.613950038600706,17.224137891969633,23.705976979160766,22.44301683168152,21.330081307594526,18.793395900113296,21.724478467288122,21.079358761957963,19.542568783797435,17.331174787940768,23.887069134817295,22.911221279324195,21.616863730787827,19.364143994596986,21.688602407975907,21.11516481059209,19.57825855403621,17.224137891969633,24.10462509805791,22.947278466183377,21.79624426391564,19.613950038600706,21.50928860926632,20.936171031392973,19.007395817172778,16.724439648289092,22.22724192398681,21.330081307594526,20.18528543580919,17.866210645037143
2021-11-15 10:28:52.577263,21.581001018322752,21.079358761957963,19.57825855403621,17.188456110362154,23.705976979160766,22.44301683168152,21.330081307594526,18.7577318788546,21.724478467288122,21.043556406861967,19.471194197425234,17.29549718211331,23.887069134817295,22.911221279324195,21.616863730787827,19.328463518431988,21.724478467288122,21.079358761957963,19.542568783797435,17.188456110362154,24.140911133732402,22.947278466183377,21.760359070159325,19.613950038600706,21.50928860926632,20.936171031392973,18.9717270472932,16.688732568194837,22.22724192398681,21.330081307594526,20.18528543580919,17.866210645037143
2021-11-15 10:28:58.208530,21.54514266023739,21.043556406861967,19.542568783797435,17.15277283947745,23.7421808639059,22.44301683168152,21.330081307594526,18.7577318788546,21.724478467288122,21.043556406861967,19.435509286831177,17.29549718211331,23.923309628993422,22.911221279324195,21.581001018322752,19.328463518431988,21.724478467288122,21.079358761957963,19.542568783797435,17.15277283947745,24.140911133732402,22.947278466183377,21.760359070159325,19.57825855403621,21.50928860926632,20.900382979067615,18.936059187489036,16.653023313054234,22.26319111247517,21.330081307594526,20.14956010722483,17.866210645037143
2021-11-15 10:29:03.903258,21.54514266023739,21.043556406861967,19.50688068066887,17.117088030580646,23.7421808639059,22.44301683168152,21.330081307594526,18.7577318788546,21.724478467288122,21.007757698160276,19.399825901640668,17.259818232998953,23.923309628993422,22.947278466183377,21.581001018322752,19.328463518431988,21.724478467288122,21.079358761957963,19.50688068066887,17.15277283947745,24.177204930941855,22.947278466183377,21.760359070159325,19.57825855403621,21.50928860926632,20.900382979067615,18.90039219032701,16.653023313054234,22.26319111247517,21.330081307594526,20.14956010722483,17.830547375828246
2021-11-15 10:29:09.567574,21.54514266023739,21.007757698160276,19.471194197425234,17.117088030580646,23.7421808639059,22.44301683168152,21.294252107331943,18.72206848281928,21.724478467288122,21.007757698160276,19.364143994596986,17.224137891969633,23.95955759125701,22.947278466183377,21.581001018322752,19.292784425865875,21.724478467288122,21.079358761957963,19.471194197425234,17.117088030580646,24.21350653872514,22.983341815349206,21.760359070159325,19.57825855403621,21.50928860926632,20.86459838461616,18.864726008357366,16.61731183358188,22.22724192398681,21.294252107331943,20.113837247394883,17.830547375828246
2021-11-15 10:29:15.165040,21.54514266023739,21.007757698160276,19.435509286831177,17.08140163490009,23.778391973185535,22.44301683168152,21.258426883615755,18.7577318788546,21.724478467288122,21.007757698160276,19.364143994596986,17.224137891969633,23.95955759125701,22.947278466183377,21.581001018322752,19.292784425865875,21.724478467288122,21.043556406861967,19.435509286831177,17.08140163490009,24.21350653872514,22.983341815349206,21.760359070159325,19.542568783797435,21.50928860926632,20.828817200920525,18.793395900113296,16.61731183358188,22.26319111247517,21.294252107331943,20.078116809208836,17.79488348880915
2021-11-15 10:29:20.792380,21.54514266023739,20.971962588714746,19.399825901640668,17.08140163490009,23.778391973185535,22.44301683168152,21.258426883615755,18.72206848281928,21.724478467288122,20.971962588714746,19.328463518431988,17.188456110362154,23.995813070424617,22.947278466183377,21.581001018322752,19.292784425865875,21.724478467288122,21.043556406861967,19.399825901640668,17.08140163490009,24.249816006159506,22.983341815349206,21.760359070159325,19.542568783797435,21.50928860926632,20.828817200920525,18.793395900113296,16.58159808044985,22.22724192398681,21.294252107331943,20.078116809208836,17.79488348880915
2021-11-15 10:29:26.467046,21.54514266023739,20.971962588714746,19.364143994596986,17.045713603627348,23.778391973185535,22.44301683168152,21.258426883615755,18.72206848281928,21.724478467288122,20.971962588714746,19.292784425865875,17.188456110362154,23.995813070424617,22.947278466183377,21.581001018322752,19.257106669606856,21.760359070159325,21.007757698160276,19.364143994596986,17.045713603627348,24.249816006159506,22.983341815349206,21.760359070159325,19.542568783797435,21.473438818155387,20.79303938086673,18.7577318788546,16.54588200428725,22.26319111247517,21.294252107331943,20.078116809208836,17.759218935830177
2021-11-15 10:29:32.204594,21.54514266023739,20.936171031392973,19.364143994596986,17.045713603627348,23.778391973185535,22.407040892296322,21.258426883615755,18.686405664470442,21.724478467288122,20.971962588714746,19.257106669606856,17.15277283947745,24.032076115348502,22.947278466183377,21.54514266023739,19.257106669606856,21.760359070159325,21.007757698160276,19.328463518431988,17.045713603627348,24.28613338236113,22.983341815349206,21.760359070159325,19.542568783797435,21.473438818155387,20.79303938086673,18.72206848281928,16.54588200428725,22.26319111247517,21.294252107331943,20.04239874555219,17.759218935830177
2021-11-15 10:29:37.824681,21.54514266023739,20.936171031392973,19.292784425865875,17.01002388791659,23.778391973185535,22.407040892296322,21.222605589258762,18.686405664470442,21.724478467288122,20.936171031392973,19.221430202350575,17.15277283947745,24.032076115348502,22.947278466183377,21.54514266023739,19.257106669606856,21.760359070159325,21.007757698160276,19.292784425865875,17.01002388791659,24.28613338236113,23.01941137480668,21.760359070159325,19.50688068066887,21.473438818155387,20.75726487734437,18.686405664470442,16.54588200428725,22.26319111247517,21.258426883615755,20.04239874555219,17.759218935830177
2021-11-15 10:29:43.490702,21.54514266023739,20.900382979067615,19.292784425865875,17.01002388791659,23.81461035564115,22.407040892296322,21.222605589258762,18.650743376252535,21.724478467288122,20.936171031392973,19.221430202350575,17.15277283947745,24.032076115348502,22.947278466183377,21.54514266023739,19.257106669606856,21.760359070159325,21.007757698160276,19.292784425865875,17.01002388791659,24.28613338236113,22.983341815349206,21.760359070159325,19.50688068066887,21.473438818155387,20.75726487734437,18.650743376252535,16.51016355567947,22.26319111247517,21.258426883615755,20.006683009306585,17.723553668712725
2021-11-15 10:29:49.134580,21.54514266023739,20.900382979067615,19.257106669606856,16.97433243888412,23.81461035564115,22.407040892296322,21.222605589258762,18.650743376252535,21.724478467288122,20.936171031392973,19.185754976780174,17.117088030580646,24.068346774917643,22.947278466183377,21.54514266023739,19.257106669606856,21.760359070159325,20.971962588714746,19.257106669606856,16.97433243888412,24.3224587164853,22.983341815349206,21.724478467288122,19.50688068066887,21.473438818155387,20.72149364324656,18.615081570591315,16.474442685168356,22.26319111247517,21.258426883615755,20.006683009306585,17.723553668712725
2021-11-15 10:29:54.785022,21.54514266023739,20.86459838461616,19.221430202350575,16.97433243888412,23.81461035564115,22.407040892296322,21.18678817708212,18.650743376252535,21.724478467288122,20.900382979067615,19.150080945565264,17.117088030580646,24.068346774917643,22.947278466183377,21.50928860926632,19.221430202350575,21.760359070159325,20.971962588714746,19.221430202350575,16.97433243888412,24.3224587164853,23.01941137480668,21.724478467288122,19.50688068066887,21.473438818155387,20.685725631469097,18.579420199892752,16.474442685168356,22.22724192398681,21.222605589258762,19.970969553348993,17.723553668712725
2021-11-15 10:30:00.548285,21.50928860926632,20.86459838461616,19.185754976780174,16.938639207608162,23.81461035564115,22.407040892296322,21.18678817708212,18.650743376252535,21.760359070159325,20.900382979067615,19.1144080613621,17.08140163490009,24.068346774917643,22.947278466183377,21.50928860926632,19.221430202350575,21.760359070159325,20.971962588714746,19.221430202350575,16.97433243888412,24.35879205772693,23.01941137480668,-1,19.471194197425234,21.473438818155387,20.685725631469097,18.543759216543208,16.474442685168356,22.26319111247517,21.222605589258762,19.970969553348993,17.687887639248856
2021-11-15 10:30:06.154711,21.54514266023739,20.828817200920525,19.150080945565264,16.938639207608162,23.850836059948335,22.407040892296322,21.18678817708212,18.650743376252535,21.760359070159325,20.900382979067615,19.078736276812833,17.08140163490009,24.10462509805791,22.947278466183377,21.50928860926632,19.185754976780174,21.79624426391564,20.936171031392973,19.185754976780174,16.938639207608162,24.35879205772693,23.01941137480668,21.724478467288122,19.471194197425234,21.437593239661,20.685725631469097,18.543759216543208,16.438719343251194,22.26319111247517,21.222605589258762,19.970969553348993,17.687887639248856
2021-11-15 10:30:11.786971,21.50928860926632,20.828817200920525,19.1144080613621,16.902944145128174,23.850836059948335,22.407040892296322,21.15097459991449,18.615081570591315,21.760359070159325,20.86459838461616,19.078736276812833,17.045713603627348,24.10462509805791,22.947278466183377,21.50928860926632,19.185754976780174,21.79624426391564,20.936171031392973,19.150080945565264,16.938639207608162,24.395133455321,23.01941137480668,21.724478467288122,19.471194197425234,21.473438818155387,20.649960794910555,18.50809857290892,16.438719343251194,22.26319111247517,21.18678817708212,19.935258330551562,17.687887639248856
2021-11-15 10:30:17.387567,21.50928860926632,20.79303938086673,19.1144080613621,16.902944145128174,23.850836059948335,22.37107039829499,21.15097459991449,18.615081570591315,21.760359070159325,20.86459838461616,19.043065544545357,17.045713603627348,24.10462509805791,22.947278466183377,21.50928860926632,19.185754976780174,21.79624426391564,20.936171031392973,19.150080945565264,16.902944145128174,24.395133455321,23.01941137480668,21.688602407975907,19.471194197425234,21.437593239661,20.649960794910555,18.47243822133538,16.438719343251194,22.26319111247517,21.18678817708212,19.935258330551562,17.652220799200734
2021-11-15 10:30:23.122162,21.50928860926632,20.79303938086673,19.078736276812833,16.902944145128174,23.850836059948335,22.37107039829499,21.15097459991449,18.615081570591315,21.760359070159325,20.828817200920525,19.007395817172778,17.01002388791659,24.140911133732402,22.947278466183377,21.473438818155387,19.185754976780174,21.79624426391564,20.936171031392973,19.1144080613621,16.902944145128174,24.395133455321,23.01941137480668,21.688602407975907,19.435509286831177,21.437593239661,20.614199086471785,18.436778114147387,16.402993480380474,22.22724192398681,21.18678817708212,19.899549293781263,17.652220799200734
2021-11-15 10:30:28.772474,21.50928860926632,20.75726487734437,19.043065544545357,16.867247202444503,23.850836059948335,22.407040892296322,21.15097459991449,18.615081570591315,21.760359070159325,20.828817200920525,19.007395817172778,-1,24.140911133732402,22.947278466183377,21.473438818155387,19.185754976780174,21.79624426391564,20.936171031392973,19.078736276812833,16.902944145128174,24.395133455321,23.01941137480668,21.688602407975907,19.435509286831177,21.437593239661,20.614199086471785,18.401118203648025,16.402993480380474,22.22724192398681,21.15097459991449,19.899549293781263,17.652220799200734
2021-11-15 10:30:34.376820,21.50928860926632,20.75726487734437,19.007395817172778,16.867247202444503,23.850836059948335,22.37107039829499,21.11516481059209,18.615081570591315,21.760359070159325,20.828817200920525,18.9717270472932,17.01002388791659,24.140911133732402,22.947278466183377,21.473438818155387,19.150080945565264,21.79624426391564,20.900382979067615,19.078736276812833,16.867247202444503,24.43148295854286,23.01941137480668,21.688602407975907,19.435509286831177,21.437593239661,20.57844045905523,18.401118203648025,16.367265046963553,22.22724192398681,21.15097459991449,19.863842395899326,17.616553100300223
2021-11-15 10:30:40.044504,21.50928860926632,20.75726487734437,19.007395817172778,16.867247202444503,23.850836059948335,22.37107039829499,21.11516481059209,18.579420199892752,21.760359070159325,20.79303938086673,18.936059187489036,17.01002388791659,24.140911133732402,22.947278466183377,21.437593239661,19.150080945565264,21.79624426391564,20.900382979067615,19.043065544545357,16.867247202444503,24.43148295854286,23.01941137480668,21.688602407975907,19.435509286831177,21.437593239661,20.57844045905523,18.365458442118893,16.367265046963553,22.22724192398681,21.15097459991449,19.863842395899326,17.652220799200734
2021-11-15 10:30:45.658505,21.50928860926632,20.72149364324656,18.9717270472932,16.831548330518103,23.850836059948335,22.33510530205581,21.079358761957963,18.579420199892752,21.760359070159325,20.79303938086673,18.936059187489036,16.97433243888412,24.140911133732402,22.947278466183377,21.437593239661,19.150080945565264,21.79624426391564,20.900382979067615,19.007395817172778,16.831548330518103,24.43148295854286,23.01941137480668,21.688602407975907,19.435509286831177,21.401751826550026,20.54268486556498,18.32979878181942,16.367265046963553,22.22724192398681,21.11516481059209,19.82813758976124,17.616553100300223
2021-11-15 10:30:53.905451,21.50928860926632,20.72149364324656,18.936059187489036,16.831548330518103,23.850836059948335,22.33510530205581,21.079358761957963,18.579420199892752,21.760359070159325,20.79303938086673,18.90039219032701,16.97433243888412,24.177204930941855,22.947278466183377,21.437593239661,19.150080945565264,21.79624426391564,20.86459838461616,19.007395817172778,16.831548330518103,24.4678406167086,23.01941137480668,21.6527308449094,19.399825901640668,21.401751826550026,20.506932258906204,18.294139174986242,16.331533993361973,22.22724192398681,21.11516481059209,19.82813758976124,17.580884494248664
2021-11-15 10:30:59.584497,21.473438818155387,20.685725631469097,18.90039219032701,16.831548330518103,23.850836059948335,22.33510530205581,21.079358761957963,18.579420199892752,21.760359070159325,20.75726487734437,18.864726008357366,16.938639207608162,24.177204930941855,22.911221279324195,21.437593239661,19.150080945565264,21.79624426391564,20.86459838461616,18.9717270472932,16.831548330518103,24.43148295854286,22.983341815349206,21.6527308449094,19.399825901640668,21.401751826550026,20.506932258906204,18.25847957383337,16.331533993361973,22.22724192398681,21.11516481059209,19.82813758976124,17.580884494248664
2021-11-15 10:31:05.233620,21.473438818155387,20.685725631469097,18.90039219032701,16.7958474802698,23.850836059948335,22.33510530205581,21.043556406861967,18.543759216543208,21.760359070159325,20.75726487734437,18.82906059411397,16.938639207608162,24.177204930941855,22.911221279324195,21.401751826550026,19.1144080613621,21.79624426391564,20.86459838461616,18.936059187489036,16.831548330518103,24.4678406167086,23.01941137480668,21.6527308449094,19.399825901640668,21.401751826550026,20.471182591984757,18.25847957383337,16.331533993361973,22.22724192398681,21.11516481059209,19.79243482821579,17.580884494248664
2021-11-15 10:31:10.816722,21.473438818155387,20.649960794910555,18.864726008357366,16.7958474802698,23.850836059948335,22.33510530205581,21.043556406861967,18.543759216543208,21.760359070159325,20.75726487734437,18.82906059411397,16.938639207608162,24.177204930941855,22.911221279324195,21.401751826550026,19.1144080613621,21.79624426391564,20.828817200920525,18.936059187489036,16.831548330518103,24.4678406167086,23.01941137480668,21.6527308449094,19.399825901640668,21.401751826550026,20.471182591984757,18.222819930551168,16.331533993361973,22.22724192398681,21.079358761957963,19.79243482821579,17.580884494248664
2021-11-15 10:31:16.460184,21.473438818155387,20.649960794910555,18.82906059411397,16.7958474802698,23.887069134817295,22.33510530205581,21.043556406861967,18.543759216543208,21.760359070159325,20.75726487734437,18.82906059411397,16.902944145128174,24.177204930941855,22.911221279324195,21.401751826550026,19.1144080613621,21.79624426391564,20.828817200920525,18.90039219032701,16.7958474802698,24.4678406167086,22.983341815349206,21.6527308449094,19.364143994596986,21.36591453159906,20.471182591984757,18.222819930551168,16.295800269891174,22.191297942966116,21.079358761957963,19.79243482821579,17.580884494248664
2021-11-15 10:31:22.124817,21.473438818155387,20.614199086471785,18.82906059411397,16.7958474802698,23.887069134817295,22.29914555597685,21.043556406861967,18.543759216543208,21.760359070159325,20.72149364324656,18.793395900113296,16.902944145128174,24.21350653872514,22.911221279324195,21.401751826550026,19.1144080613621,21.79624426391564,20.828817200920525,18.90039219032701,16.7958474802698,24.4678406167086,22.983341815349206,21.616863730787827,19.364143994596986,21.36591453159906,20.435435817706832,18.18716019730647,16.295800269891174,22.22724192398681,21.079358761957963,19.75673406410533,17.545214932716362
2021-11-15 10:31:31.528322,-1,-1,-1,-1,-1,-1,-1,-1,-1,-1,-1,-1,-1,-1,-1,-1,-1,-1,-1,-1,-1,-1,-1,-1,-1,-1,-1,-1,-1,-1,-1,-1
2021-11-15 10:31:38.959184,-1,-1,-1,-1,-1,-1,-1,-1,-1,-1,-1,-1,-1,-1,-1,-1,-1,-1,-1,-1,-1,-1,-1,-1,-1,-1,-1,-1,-1,-1,-1,-1
2021-11-15 10:31:45.844239,-1,-1,-1,-1,-1,-1,-1,-1,-1,-1,-1,-1,-1,-1,-1,-1,-1,-1,-1,-1,-1,-1,-1,-1,-1,-1,-1,-1,-1,-1,-1,-1
