2021-11-15 10:50:25.288570,-1,-1,-1,-1,-1,-1,-1,-1,-1,-1,-1,-1,-1,-1,-1,-1,-1,-1,-1,-1,-1,-1,-1,-1,-1,-1,-1,-1,-1,-1,-1,-1
2021-11-15 10:50:35.337852,15.114761496028109,14.720110037544487,13.892907294567408,13.532271971975376,14.756011205802736,14.46866001776533,14.072989713773836,13.604451102601047,-1,-1,-1,-1,-1,-1,-1,13.784784082055296,-1,-1,-1,-1,-1,-1,-1,13.09861671513329,14.791907465331008,14.216948879576478,13.134793978291327,12.409780140897567,14.648292765776489,13.928935928078488,13.31557137953223,12.663896977323304
2021-11-15 10:50:40.965159,15.114761496028109,14.756011205802736,13.928935928078488,13.532271971975376,14.791907465331008,14.504597013948796,14.108988241890643,13.640530714724662,15.258135796516513,14.756011205802736,13.928935928078488,13.026239959523139,15.329797636304761,14.827798868309628,14.324858217981273,13.85687247843083,15.222298626049167,14.43271769292295,13.423952688249585,12.627619237285273,15.043048212326937,14.46866001776533,13.964958432919389,13.134793978291327,14.791907465331008,14.216948879576478,13.134793978291327,12.446107498490505,14.648292765776489,13.928935928078488,13.31557137953223,12.70016664834418
2021-11-15 10:50:46.612895,15.078907074920664,14.720110037544487,13.892907294567408,13.532271971975376,14.827798868309628,14.540528734210852,14.144980909921287,13.676603764241008,15.258135796516513,14.756011205802736,13.928935928078488,13.026239959523139,15.365622408134072,14.863685466851791,14.396769986611844,13.928935928078488,15.222298626049167,14.43271769292295,13.423952688249585,12.627619237285273,15.043048212326937,14.504597013948796,14.000974862965165,13.170963906205941,14.791907465331008,14.216948879576478,13.134793978291327,12.409780140897567,14.648292765776489,13.964958432919389,13.351705466002556,12.736428307382596
2021-11-15 10:50:52.290367,15.078907074920664,14.720110037544487,13.892907294567408,13.532271971975376,14.899567313003786,14.612376557564687,14.216948879576478,13.748730393499443,15.258135796516513,14.756011205802736,13.928935928078488,13.026239959523139,15.437259911485,14.935444458745565,14.46866001776533,13.964958432919389,15.186457220093132,14.43271769292295,13.423952688249585,12.591333371094038,15.114761496028109,14.576455231217778,14.072989713773836,13.207126554651495,14.791907465331008,14.216948879576478,13.134793978291327,12.409780140897567,14.720110037544487,14.000974862965165,13.423952688249585,12.772682011372297
2021-11-15 10:50:57.939318,15.078907074920664,14.720110037544487,13.892907294567408,13.532271971975376,14.971316955991483,14.68420390830795,14.28889404967748,13.784784082055296,15.222298626049167,14.720110037544487,13.928935928078488,13.026239959523139,15.508881701499377,15.007184856590527,14.540528734210852,14.036985272011236,15.186457220093132,14.43271769292295,13.423952688249585,12.627619237285273,15.186457220093132,14.648292765776489,14.144980909921287,13.279430235770576,14.756011205802736,14.216948879576478,13.134793978291327,12.409780140897567,14.791907465331008,14.072989713773836,13.496172343980959,12.845165781441665
2021-11-15 10:51:03.625878,15.078907074920664,14.720110037544487,13.928935928078488,13.532271971975376,15.043048212326937,14.756011205802736,14.360816845949728,13.85687247843083,15.222298626049167,14.720110037544487,13.928935928078488,13.026239959523139,15.58048818585047,15.078907074920664,14.612376557564687,14.144980909921287,15.186457220093132,14.43271769292295,13.387832550499013,12.627619237285273,15.258135796516513,14.720110037544487,14.216948879576478,13.351705466002556,14.756011205802736,14.216948879576478,13.134793978291327,12.409780140897567,14.863685466851791,14.144980909921287,13.568364873252335,12.917618412032425
2021-11-15 10:51:09.262886,15.078907074920664,14.720110037544487,13.892907294567408,13.532271971975376,15.150611527242177,14.827798868309628,14.46866001776533,13.892907294567408,15.222298626049167,14.720110037544487,13.928935928078488,13.026239959523139,15.687870103790885,15.186457220093132,14.720110037544487,14.216948879576478,15.186457220093132,14.43271769292295,13.423952688249585,12.627619237285273,15.365622408134072,14.827798868309628,14.324858217981273,13.423952688249585,14.756011205802736,14.216948879576478,13.134793978291327,12.409780140897567,14.971316955991483,14.252924287935173,13.640530714724662,12.990040355053907
2021-11-15 10:51:14.937638,15.078907074920664,14.720110037544487,13.892907294567408,13.532271971975376,15.222298626049167,14.935444458745565,14.540528734210852,13.964958432919389,15.222298626049167,14.720110037544487,13.928935928078488,13.026239959523139,15.795219867992842,15.293968782840295,14.791907465331008,14.324858217981273,15.186457220093132,14.43271769292295,13.387832550499013,12.627619237285273,15.473072745157992,14.935444458745565,14.43271769292295,13.496172343980959,14.756011205802736,14.216948879576478,13.134793978291327,12.446107498490505,15.078907074920664,14.324858217981273,13.712670305682991,13.062432060864353
2021-11-15 10:51:20.621648,15.078907074920664,14.720110037544487,13.892907294567408,13.532271971975376,15.329797636304761,15.007184856590527,14.612376557564687,14.000974862965165,15.222298626049167,14.720110037544487,13.892907294567408,13.026239959523139,15.902538843020807,15.365622408134072,14.899567313003786,14.396769986611844,15.186457220093132,14.396769986611844,13.387832550499013,12.627619237285273,15.616285815549077,15.043048212326937,14.504597013948796,13.568364873252335,14.756011205802736,14.18096777134815,13.134793978291327,12.446107498490505,15.150611527242177,14.43271769292295,13.820831425632662,13.134793978291327
2021-11-15 10:51:26.309488,15.078907074920664,14.720110037544487,13.892907294567408,13.532271971975376,15.437259911485,15.078907074920664,14.68420390830795,14.072989713773836,15.222298626049167,14.720110037544487,13.928935928078488,13.062432060864353,16.00982838910454,15.473072745157992,15.007184856590527,14.46866001776533,15.186457220093132,14.396769986611844,13.423952688249585,12.627619237285273,15.72365686368613,15.114761496028109,14.612376557564687,13.640530714724662,14.756011205802736,14.18096777134815,13.134793978291327,12.446107498490505,15.293968782840295,14.504597013948796,13.892907294567408,13.207126554651495
2021-11-15 10:51:31.983431,15.114761496028109,14.720110037544487,13.892907294567408,13.568364873252335,15.544686831439265,15.150611527242177,14.756011205802736,14.108988241890643,15.222298626049167,14.720110037544487,13.928935928078488,13.062432060864353,16.11708986225358,15.58048818585047,15.078907074920664,14.540528734210852,15.186457220093132,14.396769986611844,13.387832550499013,12.663896977323304,15.830996213428307,15.222298626049167,14.68420390830795,13.712670305682991,14.756011205802736,14.18096777134815,13.134793978291327,12.446107498490505,15.401443149492422,14.612376557564687,13.964958432919389,13.279430235770576
2021-11-15 10:51:37.652805,15.114761496028109,14.720110037544487,13.892907294567408,13.568364873252335,15.616285815549077,15.222298626049167,14.791907465331008,14.144980909921287,15.222298626049167,14.68420390830795,13.928935928078488,13.062432060864353,16.260063826820044,15.65207977129461,15.150611527242177,14.648292765776489,15.186457220093132,14.396769986611844,13.423952688249585,12.663896977323304,15.974068393169375,15.329797636304761,14.791907465331008,13.784784082055296,14.756011205802736,14.18096777134815,13.134793978291327,12.482426442706014,15.508881701499377,14.68420390830795,14.072989713773836,13.31557137953223
2021-11-15 10:51:43.407155,15.114761496028109,14.720110037544487,13.892907294567408,13.568364873252335,15.72365686368613,15.293968782840295,14.863685466851791,14.18096777134815,15.258135796516513,14.68420390830795,13.928935928078488,13.062432060864353,16.367265046963553,15.75944010157383,15.258135796516513,14.720110037544487,15.222298626049167,14.396769986611844,13.423952688249585,12.663896977323304,16.081339073551476,15.437259911485,14.863685466851791,13.820831425632662,14.756011205802736,14.18096777134815,13.134793978291327,12.482426442706014,15.616285815549077,14.791907465331008,14.144980909921287,13.387832550499013
2021-11-15 10:51:49.101449,15.150611527242177,14.720110037544487,13.892907294567408,13.604451102601047,15.795219867992842,15.365622408134072,14.935444458745565,14.216948879576478,15.258135796516513,14.720110037544487,13.928935928078488,13.09861671513329,16.474442685168356,15.830996213428307,15.329797636304761,14.791907465331008,15.222298626049167,14.396769986611844,13.423952688249585,12.663896977323304,16.188582582716606,15.508881701499377,14.971316955991483,13.892907294567408,14.791907465331008,14.18096777134815,13.134793978291327,12.482426442706014,15.72365686368613,14.863685466851791,14.216948879576478,13.460065934393356
2021-11-15 10:51:54.824619,15.150611527242177,14.720110037544487,13.892907294567408,13.604451102601047,15.902538843020807,15.437259911485,14.971316955991483,14.252924287935173,15.258135796516513,14.68420390830795,13.928935928078488,13.09861671513329,16.54588200428725,15.938305227882154,15.437259911485,14.863685466851791,15.258135796516513,14.396769986611844,13.423952688249585,12.70016664834418,16.295800269891174,15.616285815549077,15.043048212326937,13.928935928078488,14.791907465331008,14.18096777134815,13.134793978291327,12.482426442706014,15.830996213428307,14.971316955991483,14.28889404967748,13.532271971975376
2021-11-15 10:52:00.467935,15.186457220093132,14.720110037544487,13.928935928078488,13.604451102601047,15.974068393169375,15.508881701499377,15.043048212326937,14.28889404967748,15.293968782840295,14.68420390830795,13.928935928078488,13.09861671513329,16.688732568194837,16.00982838910454,15.473072745157992,14.935444458745565,15.258135796516513,14.396769986611844,13.423952688249585,12.70016664834418,16.438719343251194,15.72365686368613,15.114761496028109,14.000974862965165,14.791907465331008,14.18096777134815,13.134793978291327,12.518737031196963,15.938305227882154,15.043048212326937,14.360816845949728,13.604451102601047
2021-11-15 10:52:06.161444,15.222298626049167,14.720110037544487,13.928935928078488,13.604451102601047,16.04558526585845,15.544686831439265,15.078907074920664,14.360816845949728,15.293968782840295,14.68420390830795,13.928935928078488,13.134793978291327,16.760144602580226,16.11708986225358,15.544686831439265,14.971316955991483,15.293968782840295,14.396769986611844,13.423952688249585,12.70016664834418,16.51016355567947,15.795219867992842,15.186457220093132,14.072989713773836,14.827798868309628,14.18096777134815,13.134793978291327,12.518737031196963,16.04558526585845,15.114761496028109,14.43271769292295,13.640530714724662
2021-11-15 10:52:11.852989,15.222298626049167,14.720110037544487,13.928935928078488,13.640530714724662,16.11708986225358,15.616285815549077,15.114761496028109,14.360816845949728,15.329797636304761,14.68420390830795,13.928935928078488,13.134793978291327,16.867247202444503,16.188582582716606,15.616285815549077,15.043048212326937,15.293968782840295,14.360816845949728,13.423952688249585,12.736428307382596,16.61731183358188,15.866769188311423,15.258135796516513,14.108988241890643,14.827798868309628,14.18096777134815,13.134793978291327,12.555039321511572,16.152837681984977,15.186457220093132,14.504597013948796,13.676603764241008
2021-11-15 10:52:17.490536,15.258135796516513,14.720110037544487,13.928935928078488,13.640530714724662,16.188582582716606,15.65207977129461,15.186457220093132,14.396769986611844,15.365622408134072,14.68420390830795,13.928935928078488,13.134793978291327,16.938639207608162,16.224324614370403,15.687870103790885,15.078907074920664,15.329797636304761,14.396769986611844,13.423952688249585,12.736428307382596,16.724439648289092,15.974068393169375,15.329797636304761,14.144980909921287,14.863685466851791,14.18096777134815,13.170963906205941,12.555039321511572,16.224324614370403,15.258135796516513,14.540528734210852,13.748730393499443
2021-11-15 10:52:23.159657,15.293968782840295,14.720110037544487,13.928935928078488,13.640530714724662,16.260063826820044,15.72365686368613,15.222298626049167,14.43271769292295,15.365622408134072,14.68420390830795,13.928935928078488,13.170963906205941,17.045713603627348,16.331533993361973,15.75944010157383,15.150611527242177,15.329797636304761,14.396769986611844,13.423952688249585,12.736428307382596,16.831548330518103,16.04558526585845,15.401443149492422,14.216948879576478,14.863685466851791,14.18096777134815,13.170963906205941,12.555039321511572,16.331533993361973,15.329797636304761,14.612376557564687,13.784784082055296
2021-11-15 10:52:28.825128,15.329797636304761,14.720110037544487,13.928935928078488,13.676603764241008,16.331533993361973,15.75944010157383,15.258135796516513,14.46866001776533,15.401443149492422,14.68420390830795,13.928935928078488,13.170963906205941,17.117088030580646,16.367265046963553,15.795219867992842,15.186457220093132,15.365622408134072,14.396769986611844,13.423952688249585,12.772682011372297,16.902944145128174,16.11708986225358,15.473072745157992,14.252924287935173,14.899567313003786,14.18096777134815,13.170963906205941,12.591333371094038,16.402993480380474,15.401443149492422,14.68420390830795,13.85687247843083
2021-11-15 10:52:34.512702,15.365622408134072,14.756011205802736,13.928935928078488,13.676603764241008,16.367265046963553,15.830996213428307,15.293968782840295,14.46866001776533,15.437259911485,14.720110037544487,13.964958432919389,13.170963906205941,17.188456110362154,16.438719343251194,15.866769188311423,15.258135796516513,15.401443149492422,14.396769986611844,13.423952688249585,12.772682011372297,17.01002388791659,16.188582582716606,15.508881701499377,14.28889404967748,14.899567313003786,14.18096777134815,13.170963906205941,12.591333371094038,16.474442685168356,15.437259911485,14.720110037544487,13.85687247843083
2021-11-15 10:52:40.126837,15.365622408134072,14.756011205802736,13.928935928078488,13.676603764241008,16.438719343251194,15.830996213428307,15.329797636304761,14.504597013948796,15.437259911485,14.720110037544487,13.964958432919389,13.207126554651495,17.259818232998953,16.51016355567947,15.902538843020807,15.293968782840295,15.401443149492422,14.396769986611844,13.460065934393356,12.772682011372297,17.08140163490009,16.224324614370403,15.544686831439265,14.324858217981273,14.935444458745565,14.18096777134815,13.170963906205941,12.591333371094038,16.58159808044985,15.508881701499377,14.756011205802736,13.928935928078488
2021-11-15 10:52:45.761866,15.401443149492422,14.756011205802736,13.964958432919389,13.712670305682991,16.51016355567947,15.902538843020807,15.365622408134072,14.540528734210852,15.473072745157992,14.720110037544487,13.964958432919389,13.207126554651495,17.331174787940768,16.54588200428725,15.974068393169375,15.329797636304761,15.437259911485,14.396769986611844,13.460065934393356,12.808927817147264,17.188456110362154,16.295800269891174,15.616285815549077,14.360816845949728,14.971316955991483,14.18096777134815,13.170963906205941,12.627619237285273,16.653023313054234,15.544686831439265,14.827798868309628,13.964958432919389
2021-11-15 10:52:51.387995,15.437259911485,14.756011205802736,13.964958432919389,13.712670305682991,16.54588200428725,15.938305227882154,15.401443149492422,14.540528734210852,15.508881701499377,14.720110037544487,13.964958432919389,13.243281979309756,17.402526164073436,16.61731183358188,16.00982838910454,15.365622408134072,15.437259911485,14.396769986611844,13.460065934393356,12.808927817147264,17.259818232998953,16.367265046963553,15.65207977129461,14.396769986611844,14.971316955991483,14.18096777134815,13.207126554651495,12.627619237285273,16.724439648289092,15.616285815549077,14.863685466851791,14.000974862965165
2021-11-15 10:52:57.080030,15.473072745157992,14.756011205802736,13.964958432919389,13.712670305682991,16.58159808044985,15.974068393169375,15.437259911485,14.576455231217778,15.544686831439265,14.720110037544487,13.964958432919389,13.243281979309756,17.473872749732436,16.653023313054234,16.04558526585845,15.401443149492422,15.473072745157992,14.396769986611844,13.460065934393356,12.845165781441665,17.331174787940768,16.438719343251194,15.72365686368613,14.43271769292295,15.007184856590527,14.216948879576478,13.207126554651495,12.663896977323304,16.7958474802698,15.687870103790885,14.899567313003786,14.036985272011236
2021-11-15 10:53:02.736303,15.508881701499377,14.791907465331008,13.964958432919389,13.748730393499443,16.653023313054234,16.00982838910454,15.437259911485,14.612376557564687,15.544686831439265,14.720110037544487,14.000974862965165,13.243281979309756,17.545214932716362,16.724439648289092,16.081339073551476,15.437259911485,15.508881701499377,14.43271769292295,13.496172343980959,12.845165781441665,17.402526164073436,16.474442685168356,15.75944010157383,14.504597013948796,15.043048212326937,14.216948879576478,13.207126554651495,12.663896977323304,16.867247202444503,15.72365686368613,14.971316955991483,14.072989713773836
2021-11-15 10:53:08.448083,15.544686831439265,14.791907465331008,13.964958432919389,13.748730393499443,16.688732568194837,16.04558526585845,15.473072745157992,14.612376557564687,15.58048818585047,14.756011205802736,14.000974862965165,13.279430235770576,17.616553100300223,16.760144602580226,16.152837681984977,15.508881701499377,15.544686831439265,14.43271769292295,13.496172343980959,12.845165781441665,17.473872749732436,16.54588200428725,15.830996213428307,14.504597013948796,15.078907074920664,14.216948879576478,13.207126554651495,12.663896977323304,16.902944145128174,15.75944010157383,15.007184856590527,14.108988241890643
2021-11-15 10:53:14.116943,15.544686831439265,14.791907465331008,14.000974862965165,13.748730393499443,16.760144602580226,16.04558526585845,15.508881701499377,14.648292765776489,15.616285815549077,14.756011205802736,14.000974862965165,13.279430235770576,17.652220799200734,16.7958474802698,16.188582582716606,15.544686831439265,15.58048818585047,14.43271769292295,13.496172343980959,12.881395960890927,17.545214932716362,16.61731183358188,15.866769188311423,14.540528734210852,15.078907074920664,14.216948879576478,13.243281979309756,12.70016664834418,16.97433243888412,15.830996213428307,15.007184856590527,14.144980909921287
2021-11-15 10:53:19.786519,15.58048818585047,14.791907465331008,14.000974862965165,13.784784082055296,16.7958474802698,16.081339073551476,15.508881701499377,14.648292765776489,15.65207977129461,14.756011205802736,14.000974862965165,13.31557137953223,17.723553668712725,16.831548330518103,16.224324614370403,15.544686831439265,15.616285815549077,14.43271769292295,13.496172343980959,12.881395960890927,17.616553100300223,16.653023313054234,15.902538843020807,14.576455231217778,15.114761496028109,14.252924287935173,13.243281979309756,12.70016664834418,17.045713603627348,15.866769188311423,15.078907074920664,14.144980909921287
2021-11-15 10:53:25.370653,15.616285815549077,14.827798868309628,14.000974862965165,13.784784082055296,16.831548330518103,16.11708986225358,15.544686831439265,14.68420390830795,15.687870103790885,14.756011205802736,14.036985272011236,13.31557137953223,17.759218935830177,16.902944145128174,16.260063826820044,15.58048818585047,15.65207977129461,14.46866001776533,13.532271971975376,12.917618412032425,17.687887639248856,16.688732568194837,15.938305227882154,14.612376557564687,15.150611527242177,14.252924287935173,13.243281979309756,12.736428307382596,17.08140163490009,15.902538843020807,15.114761496028109,14.18096777134815
2021-11-15 10:53:31.029489,15.65207977129461,14.827798868309628,14.036985272011236,13.820831425632662,16.867247202444503,16.152837681984977,15.58048818585047,14.68420390830795,15.687870103790885,14.791907465331008,14.036985272011236,13.351705466002556,17.830547375828246,16.938639207608162,16.295800269891174,15.616285815549077,15.687870103790885,14.46866001776533,13.532271971975376,12.917618412032425,17.723553668712725,16.724439648289092,15.974068393169375,14.648292765776489,15.186457220093132,14.252924287935173,13.279430235770576,12.736428307382596,17.15277283947745,15.938305227882154,15.150611527242177,14.216948879576478
2021-11-15 10:53:36.684786,15.687870103790885,14.863685466851791,14.036985272011236,13.820831425632662,16.902944145128174,16.188582582716606,15.616285815549077,14.720110037544487,15.72365686368613,14.791907465331008,14.036985272011236,13.351705466002556,17.866210645037143,16.97433243888412,16.331533993361973,15.65207977129461,15.687870103790885,14.46866001776533,13.532271971975376,12.953833191305819,17.79488348880915,16.760144602580226,16.00982838910454,14.648292765776489,15.222298626049167,14.252924287935173,13.279430235770576,12.736428307382596,17.224137891969633,15.974068393169375,15.186457220093132,14.252924287935173
2021-11-15 10:53:42.348595,15.72365686368613,14.863685466851791,14.036985272011236,13.820831425632662,16.938639207608162,16.224324614370403,15.616285815549077,14.720110037544487,15.75944010157383,14.827798868309628,14.072989713773836,13.351705466002556,17.93753552247989,17.01002388791659,16.367265046963553,15.687870103790885,15.72365686368613,14.504597013948796,13.568364873252335,12.953833191305819,17.866210645037143,16.831548330518103,16.04558526585845,14.68420390830795,15.222298626049167,14.28889404967748,13.279430235770576,12.772682011372297,17.259818232998953,16.00982838910454,15.222298626049167,14.28889404967748
2021-11-15 10:53:48.085625,15.72365686368613,14.863685466851791,14.072989713773836,13.85687247843083,16.97433243888412,16.224324614370403,15.65207977129461,14.756011205802736,15.795219867992842,14.827798868309628,14.072989713773836,13.387832550499013,17.973197226871605,17.045713603627348,16.367265046963553,15.687870103790885,15.75944010157383,14.504597013948796,13.568364873252335,12.953833191305819,17.901873344556748,16.867247202444503,16.081339073551476,14.720110037544487,15.258135796516513,14.28889404967748,13.31557137953223,12.772682011372297,17.29549718211331,16.04558526585845,15.222298626049167,14.28889404967748
2021-11-15 10:53:53.788899,15.75944010157383,14.899567313003786,14.072989713773836,13.85687247843083,17.01002388791659,16.260063826820044,15.65207977129461,14.756011205802736,15.830996213428307,14.827798868309628,14.072989713773836,13.387832550499013,18.00885850576958,17.08140163490009,16.402993480380474,15.72365686368613,15.795219867992842,14.540528734210852,13.568364873252335,12.990040355053907,17.973197226871605,16.938639207608162,16.11708986225358,14.720110037544487,15.293968782840295,14.28889404967748,13.31557137953223,12.808927817147264,17.36685109907455,16.11708986225358,15.258135796516513,14.324858217981273
2021-11-15 10:53:59.476158,15.795219867992842,14.899567313003786,14.072989713773836,13.85687247843083,17.045713603627348,16.295800269891174,15.687870103790885,14.791907465331008,15.866769188311423,14.863685466851791,14.108988241890643,13.423952688249585,18.04451940718451,17.117088030580646,16.438719343251194,15.75944010157383,15.830996213428307,14.540528734210852,13.604451102601047,12.990040355053907,18.00885850576958,16.938639207608162,16.152837681984977,14.756011205802736,15.329797636304761,14.324858217981273,13.31557137953223,12.808927817147264,17.402526164073436,16.152837681984977,15.293968782840295,14.360816845949728
2021-11-15 10:54:05.180951,15.830996213428307,14.935444458745565,14.108988241890643,13.892907294567408,17.08140163490009,16.295800269891174,15.72365686368613,14.791907465331008,15.902538843020807,14.863685466851791,14.108988241890643,13.423952688249585,18.115840269475598,17.15277283947745,16.474442685168356,15.795219867992842,15.866769188311423,14.540528734210852,13.604451102601047,13.026239959523139,18.04451940718451,16.97433243888412,16.188582582716606,14.791907465331008,15.365622408134072,14.324858217981273,13.351705466002556,12.808927817147264,17.473872749732436,16.188582582716606,15.329797636304761,14.360816845949728
2021-11-15 10:54:10.801089,15.866769188311423,14.935444458745565,14.108988241890643,13.892907294567408,17.117088030580646,16.331533993361973,15.72365686368613,14.827798868309628,15.902538843020807,14.899567313003786,14.144980909921287,13.460065934393356,18.151500326241944,17.188456110362154,16.51016355567947,15.795219867992842,15.866769188311423,14.576455231217778,13.640530714724662,13.026239959523139,18.115840269475598,17.045713603627348,16.224324614370403,14.791907465331008,15.401443149492422,14.360816845949728,13.351705466002556,12.845165781441665,17.50954436734196,16.188582582716606,15.365622408134072,14.396769986611844
2021-11-15 10:54:16.453946,