2021-11-15 10:50:25.277571,-1,-1,-1,-1,-1,-1,-1,-1,-1,-1,-1,-1,-1,-1,-1,-1,-1,-1,-1,-1,-1,-1,-1,-1,-1,-1,-1,-1,-1,-1,-1,-1
2021-11-15 10:50:35.387818,16.00982838910454,15.508881701499377,14.791907465331008,14.396769986611844,16.152837681984977,15.616285815549077,15.329797636304761,14.68420390830795,-1,-1,-1,-1,-1,-1,15.293968782840295,14.756011205802736,-1,-1,-1,-1,-1,-1,15.258135796516513,14.720110037544487,15.437259911485,15.007184856590527,14.28889404967748,13.928935928078488,15.329797636304761,14.827798868309628,14.504597013948796,14.252924287935173
2021-11-15 10:50:41.046580,15.974068393169375,15.508881701499377,14.791907465331008,14.396769986611844,16.152837681984977,15.616285815549077,15.365622408134072,14.720110037544487,15.974068393169375,15.544686831439265,14.791907465331008,14.360816845949728,16.188582582716606,15.795219867992842,15.293968782840295,14.791907465331008,15.902538843020807,15.58048818585047,14.720110037544487,14.46866001776533,16.188582582716606,15.616285815549077,15.258135796516513,14.756011205802736,15.437259911485,15.007184856590527,14.28889404967748,13.928935928078488,15.329797636304761,14.827798868309628,14.504597013948796,14.28889404967748
2021-11-15 10:50:46.729644,15.974068393169375,15.508881701499377,14.791907465331008,14.396769986611844,16.188582582716606,15.65207977129461,15.401443149492422,14.791907465331008,15.974068393169375,15.544686831439265,14.791907465331008,14.360816845949728,16.224324614370403,15.866769188311423,15.365622408134072,14.827798868309628,15.902538843020807,15.544686831439265,14.720110037544487,14.46866001776533,16.224324614370403,15.65207977129461,15.329797636304761,14.791907465331008,15.437259911485,15.007184856590527,14.28889404967748,13.928935928078488,15.329797636304761,14.863685466851791,14.540528734210852,14.324858217981273
2021-11-15 10:50:52.415490,15.974068393169375,15.473072745157992,14.791907465331008,14.396769986611844,16.260063826820044,15.72365686368613,15.473072745157992,14.827798868309628,15.938305227882154,15.544686831439265,14.756011205802736,14.360816845949728,16.295800269891174,15.902538843020807,15.437259911485,14.899567313003786,15.866769188311423,15.544686831439265,14.720110037544487,14.46866001776533,16.260063826820044,15.72365686368613,15.365622408134072,14.863685466851791,15.401443149492422,15.007184856590527,14.28889404967748,13.928935928078488,15.401443149492422,14.899567313003786,14.576455231217778,14.396769986611844
2021-11-15 10:50:58.145685,15.938305227882154,15.473072745157992,14.791907465331008,14.396769986611844,16.331533993361973,15.795219867992842,15.544686831439265,14.899567313003786,15.938305227882154,15.544686831439265,14.756011205802736,14.324858217981273,16.367265046963553,15.974068393169375,15.508881701499377,14.971316955991483,15.866769188311423,15.544686831439265,14.720110037544487,14.46866001776533,16.331533993361973,15.795219867992842,15.437259911485,14.899567313003786,15.401443149492422,14.971316955991483,14.252924287935173,13.928935928078488,15.473072745157992,14.971316955991483,14.648292765776489,14.46866001776533
2021-11-15 10:51:03.821457,15.938305227882154,15.473072745157992,14.791907465331008,14.396769986611844,16.438719343251194,15.866769188311423,15.616285815549077,14.971316955991483,15.938305227882154,15.544686831439265,14.756011205802736,14.360816845949728,16.438719343251194,16.081339073551476,15.58048818585047,15.043048212326937,15.866769188311423,15.544686831439265,14.68420390830795,14.46866001776533,16.438719343251194,15.866769188311423,15.544686831439265,14.971316955991483,15.401443149492422,14.971316955991483,14.252924287935173,13.928935928078488,15.544686831439265,15.043048212326937,14.720110037544487,14.540528734210852
2021-11-15 10:51:09.424572,15.938305227882154,15.473072745157992,14.791907465331008,14.396769986611844,16.54588200428725,15.974068393169375,15.687870103790885,15.078907074920664,15.938305227882154,15.544686831439265,14.756011205802736,14.324858217981273,16.54588200428725,16.152837681984977,15.687870103790885,15.114761496028109,15.866769188311423,15.544686831439265,14.68420390830795,14.46866001776533,16.54588200428725,15.974068393169375,15.616285815549077,15.043048212326937,15.401443149492422,14.971316955991483,14.252924287935173,13.928935928078488,15.65207977129461,15.114761496028109,14.827798868309628,14.612376557564687
2021-11-15 10:51:15.115963,15.938305227882154,15.473072745157992,14.791907465331008,14.396769986611844,16.653023313054234,16.04558526585845,15.795219867992842,15.114761496028109,15.938305227882154,15.544686831439265,14.756011205802736,14.360816845949728,16.653023313054234,16.260063826820044,15.75944010157383,15.186457220093132,15.866769188311423,15.544686831439265,14.720110037544487,14.46866001776533,16.653023313054234,16.04558526585845,15.687870103790885,15.114761496028109,15.401443149492422,14.971316955991483,14.252924287935173,13.928935928078488,15.75944010157383,15.222298626049167,14.899567313003786,14.68420390830795
2021-11-15 10:51:20.732602,15.938305227882154,15.473072745157992,14.791907465331008,14.43271769292295,16.760144602580226,16.152837681984977,15.866769188311423,15.222298626049167,15.938305227882154,15.544686831439265,14.756011205802736,14.360816845949728,16.760144602580226,16.367265046963553,15.866769188311423,15.293968782840295,15.866769188311423,15.544686831439265,14.68420390830795,14.46866001776533,16.760144602580226,16.152837681984977,15.795219867992842,15.222298626049167,15.401443149492422,14.971316955991483,14.252924287935173,13.928935928078488,15.866769188311423,15.293968782840295,14.971316955991483,14.756011205802736
2021-11-15 10:51:26.444333,15.938305227882154,15.473072745157992,14.791907465331008,14.43271769292295,16.867247202444503,16.224324614370403,15.974068393169375,15.293968782840295,15.938305227882154,15.544686831439265,14.756011205802736,14.360816845949728,16.902944145128174,16.474442685168356,15.938305227882154,15.365622408134072,15.866769188311423,15.544686831439265,14.68420390830795,14.46866001776533,16.902944145128174,16.260063826820044,15.902538843020807,15.293968782840295,15.401443149492422,14.971316955991483,14.252924287935173,13.928935928078488,15.974068393169375,15.365622408134072,15.043048212326937,14.791907465331008
2021-11-15 10:51:32.074675,15.974068393169375,15.437259911485,14.791907465331008,14.43271769292295,16.97433243888412,16.331533993361973,16.04558526585845,15.365622408134072,15.974068393169375,15.544686831439265,14.756011205802736,14.360816845949728,17.01002388791659,16.58159808044985,16.04558526585845,15.437259911485,15.902538843020807,15.544686831439265,14.68420390830795,14.46866001776533,17.01002388791659,16.367265046963553,15.974068393169375,15.365622408134072,15.401443149492422,14.971316955991483,14.252924287935173,13.928935928078488,16.081339073551476,15.473072745157992,15.114761496028109,14.863685466851791
2021-11-15 10:51:37.695680,15.974068393169375,15.437259911485,14.791907465331008,14.43271769292295,17.08140163490009,16.402993480380474,16.11708986225358,15.437259911485,15.974068393169375,15.544686831439265,14.756011205802736,14.360816845949728,17.117088030580646,16.653023313054234,16.152837681984977,15.508881701499377,15.902538843020807,15.544686831439265,14.720110037544487,14.504597013948796,17.117088030580646,16.438719343251194,16.04558526585845,15.437259911485,15.437259911485,14.971316955991483,14.252924287935173,13.928935928078488,16.188582582716606,15.544686831439265,15.186457220093132,14.935444458745565
2021-11-15 10:51:43.343657,15.974068393169375,15.473072745157992,14.791907465331008,14.46866001776533,17.188456110362154,16.51016355567947,16.188582582716606,15.473072745157992,15.974068393169375,15.544686831439265,14.791907465331008,14.396769986611844,17.259818232998953,16.760144602580226,16.224324614370403,15.58048818585047,15.938305227882154,15.544686831439265,14.68420390830795,14.504597013948796,17.259818232998953,16.54588200428725,16.152837681984977,15.508881701499377,15.473072745157992,14.971316955991483,14.252924287935173,13.928935928078488,16.295800269891174,15.616285815549077,15.258135796516513,14.971316955991483
2021-11-15 10:51:49.006908,16.00982838910454,15.437259911485,14.791907465331008,14.46866001776533,17.29549718211331,16.58159808044985,16.260063826820044,15.544686831439265,16.00982838910454,15.544686831439265,14.791907465331008,14.396769986611844,17.36685109907455,16.867247202444503,16.295800269891174,15.65207977129461,15.938305227882154,15.544686831439265,14.720110037544487,14.504597013948796,17.36685109907455,16.61731183358188,16.224324614370403,15.544686831439265,15.473072745157992,14.971316955991483,14.252924287935173,13.964958432919389,16.367265046963553,15.687870103790885,15.329797636304761,15.043048212326937
2021-11-15 10:51:54.703072,16.00982838910454,15.437259911485,14.791907465331008,14.46866001776533,17.402526164073436,16.688732568194837,16.331533993361973,15.58048818585047,16.00982838910454,15.544686831439265,14.791907465331008,14.396769986611844,17.473872749732436,16.938639207608162,16.402993480380474,15.72365686368613,15.974068393169375,15.544686831439265,14.720110037544487,14.504597013948796,17.50954436734196,16.724439648289092,16.295800269891174,15.616285815549077,15.508881701499377,14.971316955991483,14.252924287935173,13.964958432919389,16.474442685168356,15.75944010157383,15.401443149492422,15.078907074920664
2021-11-15 10:52:00.367377,16.04558526585845,15.437259911485,14.791907465331008,14.504597013948796,17.50954436734196,16.760144602580226,16.402993480380474,15.65207977129461,16.04558526585845,15.544686831439265,14.791907465331008,14.43271769292295,17.616553100300223,17.045713603627348,16.474442685168356,15.795219867992842,15.974068393169375,15.544686831439265,14.720110037544487,14.540528734210852,17.616553100300223,16.7958474802698,16.367265046963553,15.687870103790885,15.544686831439265,14.971316955991483,14.252924287935173,13.964958432919389,16.58159808044985,15.795219867992842,15.437259911485,15.150611527242177
2021-11-15 10:52:06.118518,16.04558526585845,15.437259911485,14.791907465331008,14.504597013948796,17.580884494248664,16.7958474802698,16.474442685168356,15.687870103790885,16.081339073551476,15.544686831439265,14.791907465331008,14.43271769292295,17.723553668712725,17.117088030580646,16.54588200428725,15.830996213428307,16.04558526585845,15.544686831439265,14.720110037544487,14.540528734210852,17.723553668712725,16.867247202444503,16.438719343251194,15.72365686368613,15.544686831439265,14.971316955991483,14.252924287935173,14.000974862965165,16.653023313054234,15.866769188311423,15.508881701499377,15.186457220093132
2021-11-15 10:52:11.806297,16.081339073551476,15.473072745157992,14.791907465331008,14.504597013948796,17.687887639248856,16.867247202444503,16.51016355567947,15.75944010157383,16.081339073551476,15.544686831439265,14.791907465331008,14.46866001776533,17.79488348880915,17.224137891969633,16.61731183358188,15.902538843020807,16.04558526585845,15.544686831439265,14.720110037544487,14.540528734210852,17.830547375828246,16.97433243888412,16.51016355567947,15.795219867992842,15.58048818585047,14.971316955991483,14.252924287935173,14.000974862965165,16.724439648289092,15.938305227882154,15.544686831439265,15.222298626049167
2021-11-15 10:52:17.526703,16.11708986225358,15.473072745157992,14.827798868309628,14.540528734210852,17.759218935830177,16.938639207608162,16.58159808044985,15.795219867992842,16.11708986225358,15.544686831439265,14.791907465331008,14.46866001776533,17.901873344556748,17.29549718211331,16.688732568194837,15.974068393169375,16.081339073551476,15.544686831439265,14.720110037544487,14.576455231217778,17.93753552247989,17.045713603627348,16.58159808044985,15.866769188311423,15.616285815549077,14.971316955991483,14.252924287935173,14.000974862965165,16.831548330518103,16.00982838910454,15.58048818585047,15.258135796516513
2021-11-15 10:52:23.136443,16.152837681984977,15.473072745157992,14.827798868309628,14.540528734210852,17.866210645037143,17.01002388791659,16.61731183358188,15.866769188311423,16.152837681984977,15.544686831439265,14.791907465331008,14.46866001776533,18.00885850576958,17.36685109907455,16.760144602580226,16.00982838910454,16.11708986225358,15.544686831439265,14.720110037544487,14.576455231217778,18.00885850576958,17.117088030580646,16.653023313054234,15.902538843020807,15.65207977129461,14.971316955991483,14.252924287935173,14.000974862965165,16.902944145128174,16.04558526585845,15.616285815549077,15.293968782840295
2021-11-15 10:52:28.802843,16.152837681984977,15.473072745157992,14.827798868309628,14.576455231217778,17.93753552247989,17.08140163490009,16.688732568194837,15.902538843020807,16.188582582716606,15.544686831439265,14.827798868309628,14.504597013948796,18.115840269475598,17.438200031462316,16.831548330518103,16.081339073551476,16.152837681984977,15.544686831439265,14.720110037544487,14.576455231217778,18.115840269475598,17.188456110362154,16.688732568194837,15.938305227882154,15.687870103790885,14.971316955991483,14.28889404967748,14.036985272011236,16.97433243888412,16.081339073551476,15.65207977129461,15.329797636304761
2021-11-15 10:52:34.442542,16.188582582716606,15.473072745157992,14.827798868309628,14.576455231217778,18.00885850576958,17.117088030580646,16.724439648289092,15.938305227882154,16.224324614370403,15.544686831439265,14.827798868309628,14.504597013948796,18.18716019730647,17.50954436734196,16.867247202444503,16.11708986225358,16.188582582716606,15.58048818585047,14.720110037544487,14.612376557564687,18.222819930551168,17.259818232998953,16.760144602580226,15.974068393169375,15.72365686368613,14.971316955991483,14.28889404967748,14.036985272011236,17.045713603627348,16.152837681984977,15.687870103790885,15.365622408134072
2021-11-15 10:52:40.130755,16.224324614370403,15.508881701499377,14.827798868309628,14.612376557564687,18.115840269475598,17.188456110362154,16.760144602580226,15.974068393169375,16.260063826820044,15.58048818585047,14.827798868309628,14.540528734210852,18.294139174986242,17.580884494248664,16.938639207608162,16.152837681984977,16.224324614370403,15.58048818585047,14.756011205802736,14.612376557564687,18.294139174986242,17.29549718211331,16.7958474802698,16.00982838910454,15.75944010157383,14.971316955991483,14.28889404967748,14.036985272011236,17.117088030580646,16.188582582716606,15.75944010157383,15.401443149492422
2021-11-15 10:52:45.737704,16.260063826820044,15.473072745157992,14.863685466851791,14.612376557564687,18.18716019730647,17.224137891969633,16.831548330518103,16.00982838910454,16.295800269891174,15.58048818585047,14.827798868309628,14.540528734210852,18.365458442118893,17.652220799200734,17.01002388791659,16.188582582716606,16.260063826820044,15.58048818585047,14.756011205802736,14.648292765776489,18.401118203648025,17.36685109907455,16.867247202444503,16.04558526585845,15.795219867992842,15.007184856590527,14.28889404967748,14.072989713773836,17.188456110362154,16.224324614370403,15.795219867992842,15.437259911485
2021-11-15 10:52:51.371481,16.295800269891174,15.508881701499377,14.863685466851791,14.612376557564687,18.25847957383337,17.29549718211331,16.867247202444503,16.04558526585845,16.295800269891174,15.58048818585047,14.863685466851791,14.576455231217778,18.436778114147387,17.687887639248856,17.045713603627348,16.260063826820044,16.295800269891174,15.58048818585047,14.756011205802736,14.648292765776489,18.47243822133538,17.438200031462316,16.902944145128174,16.11708986225358,15.830996213428307,15.007184856590527,14.28889404967748,14.072989713773836,17.224137891969633,16.260063826820044,15.795219867992842,15.437259911485
2021-11-15 10:52:57.058994,16.331533993361973,15.508881701499377,14.863685466851791,14.648292765776489,18.294139174986242,17.331174787940768,16.902944145128174,16.081339073551476,16.331533993361973,15.58048818585047,14.863685466851791,14.576455231217778,18.543759216543208,17.759218935830177,17.08140163490009,16.295800269891174,16.331533993361973,15.58048818585047,14.756011205802736,14.648292765776489,18.543759216543208,17.473872749732436,16.938639207608162,16.152837681984977,15.866769188311423,15.043048212326937,14.28889404967748,14.108988241890643,17.259818232998953,16.295800269891174,15.866769188311423,15.473072745157992
2021-11-15 10:53:02.707317,16.331533993361973,15.508881701499377,14.863685466851791,14.648292765776489,18.365458442118893,17.36685109907455,16.938639207608162,16.11708986225358,16.367265046963553,15.616285815549077,14.863685466851791,14.576455231217778,18.615081570591315,17.830547375828246,17.15277283947745,16.331533993361973,16.367265046963553,15.616285815549077,14.791907465331008,14.68420390830795,18.615081570591315,17.545214932716362,17.01002388791659,16.188582582716606,15.866769188311423,15.043048212326937,14.324858217981273,14.108988241890643,17.331174787940768,16.331533993361973,15.866769188311423,15.508881701499377
2021-11-15 10:53:08.298104,16.367265046963553,15.544686831439265,14.899567313003786,14.68420390830795,18.436778114147387,17.438200031462316,16.97433243888412,16.152837681984977,16.402993480380474,15.616285815549077,14.863685466851791,14.612376557564687,18.686405664470442,17.901873344556748,17.188456110362154,16.367265046963553,16.438719343251194,15.616285815549077,14.791907465331008,14.68420390830795,18.686405664470442,17.580884494248664,17.045713603627348,16.188582582716606,15.938305227882154,15.043048212326937,14.324858217981273,14.108988241890643,17.402526164073436,16.367265046963553,15.902538843020807,15.544686831439265
2021-11-15 10:53:13.965150,16.402993480380474,15.544686831439265,14.899567313003786,14.68420390830795,18.50809857290892,17.473872749732436,17.01002388791659,16.188582582716606,16.438719343251194,15.65207977129461,14.899567313003786,14.612376557564687,18.7577318788546,17.93753552247989,17.259818232998953,16.367265046963553,16.438719343251194,15.65207977129461,14.791907465331008,14.720110037544487,18.7577318788546,17.652220799200734,17.08140163490009,16.224324614370403,15.938305227882154,15.043048212326937,14.324858217981273,14.108988241890643,17.438200031462316,16.402993480380474,15.938305227882154,15.544686831439265
2021-11-15 10:53:19.627284,16.438719343251194,15.544686831439265,14.899567313003786,14.68420390830795,18.543759216543208,17.50954436734196,17.045713603627348,16.188582582716606,16.474442685168356,15.65207977129461,14.899567313003786,14.612376557564687,18.82906059411397,17.973197226871605,17.29549718211331,16.438719343251194,16.51016355567947,15.65207977129461,14.791907465331008,14.720110037544487,18.82906059411397,17.687887639248856,17.117088030580646,16.260063826820044,16.00982838910454,15.078907074920664,14.324858217981273,14.144980909921287,17.473872749732436,16.438719343251194,15.974068393169375,15.58048818585047
2021-11-15 10:53:25.295281,16.474442685168356,15.58048818585047,14.899567313003786,14.720110037544487,18.615081570591315,17.545214932716362,17.08140163490009,16.224324614370403,16.51016355567947,15.65207977129461,14.899567313003786,14.648292765776489,18.90039219032701,18.04451940718451,17.331174787940768,16.474442685168356,16.54588200428725,15.65207977129461,14.827798868309628,14.756011205802736,18.90039219032701,17.723553668712725,17.15277283947745,16.295800269891174,16.00982838910454,15.078907074920664,14.360816845949728,14.144980909921287,17.50954436734196,16.474442685168356,15.974068393169375,15.58048818585047
2021-11-15 10:53:30.982046,16.51016355567947,15.58048818585047,14.935444458745565,14.720110037544487,18.650743376252535,17.580884494248664,17.117088030580646,16.260063826820044,16.54588200428725,15.687870103790885,14.935444458745565,14.68420390830795,18.9717270472932,18.08017997910048,17.36685109907455,16.51016355567947,16.58159808044985,15.687870103790885,14.827798868309628,14.756011205802736,18.9717270472932,17.759218935830177,17.188456110362154,16.331533993361973,16.04558526585845,15.114761496028109,14.360816845949728,14.18096777134815,17.580884494248664,16.51016355567947,16.00982838910454,15.616285815549077
2021-11-15 10:53:36.588681,16.54588200428725,15.58048818585047,14.935444458745565,14.756011205802736,18.72206848281928,17.616553100300223,17.15277283947745,16.260063826820044,16.58159808044985,15.687870103790885,14.935444458745565,14.68420390830795,19.043065544545357,18.115840269475598,17.402526164073436,16.54588200428725,16.61731183358188,15.687870103790885,14.827798868309628,14.756011205802736,19.007395817172778,17.830547375828246,17.224137891969633,16.331533993361973,16.081339073551476,15.114761496028109,14.360816845949728,14.18096777134815,17.616553100300223,16.54588200428725,16.04558526585845,15.65207977129461
2021-11-15 10:53:42.256887,16.58159808044985,15.616285815549077,14.971316955991483,14.756011205802736,18.7577318788546,17.652220799200734,17.188456110362154,16.295800269891174,16.61731183358188,15.687870103790885,14.935444458745565,14.68420390830795,19.078736276812833,18.18716019730647,17.438200031462316,16.58159808044985,16.653023313054234,15.72365686368613,14.863685466851791,14.756011205802736,19.078736276812833,17.830547375828246,17.259818232998953,16.367265046963553,16.11708986225358,15.114761496028109,14.396769986611844,14.18096777134815,17.652220799200734,16.54588200428725,16.04558526585845,15.65207977129461
2021-11-15 10:53:47.886069,16.61731183358188,15.616285815549077,14.971316955991483,14.756011205802736,18.82906059411397,17.687887639248856,17.224137891969633,16.331533993361973,16.653023313054234,15.72365686368613,14.971316955991483,14.720110037544487,19.150080945565264,18.222819930551168,17.473872749732436,16.58159808044985,16.688732568194837,15.72365686368613,14.863685466851791,14.791907465331008,19.1144080613621,17.901873344556748,17.29549718211331,16.402993480380474,16.152837681984977,15.150611527242177,14.396769986611844,14.18096777134815,17.687887639248856,16.58159808044985,16.081339073551476,15.687870103790885
2021-11-15 10:53:53.588768,16.653023313054234,15.65207977129461,14.971316955991483,14.791907465331008,18.864726008357366,17.723553668712725,17.224137891969633,16.331533993361973,16.724439648289092,15.72365686368613,14.971316955991483,14.720110037544487,19.185754976780174,18.25847957383337,17.50954436734196,16.61731183358188,16.724439648289092,15.75944010157383,14.863685466851791,14.827798868309628,19.185754976780174,17.93753552247989,17.331174787940768,16.438719343251194,16.188582582716606,15.150611527242177,14.396769986611844,14.216948879576478,17.723553668712725,16.61731183358188,16.11708986225358,15.687870103790885
2021-11-15 10:53:59.239723,16.688732568194837,15.65207977129461,15.007184856590527,14.791907465331008,18.90039219032701,17.759218935830177,17.259818232998953,16.402993480380474,16.724439648289092,15.75944010157383,14.971316955991483,14.756011205802736,19.257106669606856,18.294139174986242,17.580884494248664,16.653023313054234,16.7958474802698,15.75944010157383,14.899567313003786,14.827798868309628,19.257106669606856,17.973197226871605,17.36685109907455,16.438719343251194,16.224324614370403,15.186457220093132,14.43271769292295,14.216948879576478,17.759218935830177,16.653023313054234,16.11708986225358,15.72365686368613
2021-11-15 10:54:04.869045,16.724439648289092,15.687870103790885,15.007184856590527,14.827798868309628,18.9717270472932,17.79488348880915,17.29549718211331,16.402993480380474,16.7958474802698,15.795219867992842,15.007184856590527,14.756011205802736,19.292784425865875,18.365458442118893,17.616553100300223,16.653023313054234,16.831548330518103,15.795219867992842,14.899567313003786,14.863685466851791,19.292784425865875,18.00885850576958,17.36685109907455,16.474442685168356,16.260063826820044,15.186457220093132,14.43271769292295,14.252924287935173,17.79488348880915,16.653023313054234,16.152837681984977,15.72365686368613
2021-11-15 10:54:10.572762,16.760144602580226,15.687870103790885,15.007184856590527,14.827798868309628,19.007395817172778,17.830547375828246,17.331174787940768,16.438719343251194,16.831548330518103,15.795219867992842,15.007184856590527,14.791907465331008,19.364143994596986,18.401118203648025,17.652220799200734,16.724439648289092,16.867247202444503,15.795219867992842,14.935444458745565,14.863685466851791,19.364143994596986,18.04451940718451,17.402526164073436,16.51016355567947,16.295800269891174,15.222298626049167,14.43271769292295,14.252924287935173,17.830547375828246,16.688732568194837,16.152837681984977,15.75944010157383
2021-11-15 10:54:16.214715,