2021-11-15 10:50:25.242414,-1,-1,-1,-1,-1,-1,-1,-1,-1,-1,-1,-1,-1,-1,-1,-1,-1,-1,-1,-1,-1,-1,-1,-1,-1,-1,-1,-1,-1,-1,-1,-1
2021-11-15 10:50:35.339682,14.540528734210852,14.144980909921287,13.207126554651495,12.228015127006245,14.360816845949728,13.85687247843083,13.460065934393356,12.555039321511572,-1,-1,-1,-1,-1,14.791907465331008,14.46866001776533,13.640530714724662,-1,-1,-1,-1,-1,-1,-1,14.756011205802736,15.902538843020807,15.616285815549077,15.043048212326937,14.68420390830795,16.188582582716606,15.974068393169375,15.437259911485,15.007184856590527
2021-11-15 10:50:41.055966,14.540528734210852,14.144980909921287,13.243281979309756,12.228015127006245,14.360816845949728,13.892907294567408,13.460065934393356,12.591333371094038,15.401443149492422,15.114761496028109,13.892907294567408,13.351705466002556,15.65207977129461,14.827798868309628,14.504597013948796,13.676603764241008,15.974068393169375,15.508881701499377,14.935444458745565,14.576455231217778,16.51016355567947,16.00982838910454,15.58048818585047,14.791907465331008,15.938305227882154,15.616285815549077,15.043048212326937,14.68420390830795,16.188582582716606,16.00982838910454,15.473072745157992,15.043048212326937
2021-11-15 10:50:46.724704,14.540528734210852,14.144980909921287,13.207126554651495,12.228015127006245,14.396769986611844,13.928935928078488,13.532271971975376,12.627619237285273,15.401443149492422,15.114761496028109,13.85687247843083,13.351705466002556,15.687870103790885,14.863685466851791,14.540528734210852,13.712670305682991,15.938305227882154,15.508881701499377,14.935444458745565,14.576455231217778,16.54588200428725,16.081339073551476,15.616285815549077,14.827798868309628,15.902538843020807,15.616285815549077,15.043048212326937,14.68420390830795,16.224324614370403,16.00982838910454,15.508881701499377,15.078907074920664
2021-11-15 10:50:52.379083,14.540528734210852,14.144980909921287,13.207126554651495,12.228015127006245,14.46866001776533,14.000974862965165,13.604451102601047,12.70016664834418,15.401443149492422,15.078907074920664,13.85687247843083,13.351705466002556,15.72365686368613,14.935444458745565,14.576455231217778,13.784784082055296,15.938305227882154,15.508881701499377,14.935444458745565,14.576455231217778,16.61731183358188,16.11708986225358,15.65207977129461,14.863685466851791,15.902538843020807,15.616285815549077,15.043048212326937,14.68420390830795,16.260063826820044,16.081339073551476,15.544686831439265,15.114761496028109
2021-11-15 10:50:58.056306,14.504597013948796,14.144980909921287,13.207126554651495,12.228015127006245,14.540528734210852,14.072989713773836,13.676603764241008,12.772682011372297,15.365622408134072,15.078907074920664,13.85687247843083,13.31557137953223,15.795219867992842,15.007184856590527,14.648292765776489,13.85687247843083,15.938305227882154,15.473072745157992,14.935444458745565,14.576455231217778,16.688732568194837,16.188582582716606,15.72365686368613,14.935444458745565,15.902538843020807,15.616285815549077,15.043048212326937,14.68420390830795,16.367265046963553,16.152837681984977,15.616285815549077,15.186457220093132
2021-11-15 10:51:03.777308,14.504597013948796,14.144980909921287,13.207126554651495,12.228015127006245,14.648292765776489,14.144980909921287,13.748730393499443,12.845165781441665,15.365622408134072,15.078907074920664,13.85687247843083,13.351705466002556,15.902538843020807,15.078907074920664,14.756011205802736,13.928935928078488,15.902538843020807,15.473072745157992,14.935444458745565,14.576455231217778,16.760144602580226,16.260063826820044,15.830996213428307,15.007184856590527,15.866769188311423,15.616285815549077,15.043048212326937,14.68420390830795,16.438719343251194,16.224324614370403,15.687870103790885,15.258135796516513
2021-11-15 10:51:09.453654,14.504597013948796,14.144980909921287,13.207126554651495,12.228015127006245,14.720110037544487,14.252924287935173,13.85687247843083,12.917618412032425,15.365622408134072,15.078907074920664,13.85687247843083,13.31557137953223,16.00982838910454,15.186457220093132,14.827798868309628,14.000974862965165,15.902538843020807,15.473072745157992,14.899567313003786,14.576455231217778,16.867247202444503,16.367265046963553,15.902538843020807,15.078907074920664,15.866769188311423,15.616285815549077,15.043048212326937,14.68420390830795,16.54588200428725,16.295800269891174,15.795219867992842,15.329797636304761
2021-11-15 10:51:15.144901,14.504597013948796,14.144980909921287,13.207126554651495,12.264385419991243,14.827798868309628,14.324858217981273,13.928935928078488,12.990040355053907,15.365622408134072,15.078907074920664,13.85687247843083,13.31557137953223,16.11708986225358,15.258135796516513,14.935444458745565,14.072989713773836,15.902538843020807,15.473072745157992,14.899567313003786,14.576455231217778,16.97433243888412,16.474442685168356,16.00982838910454,15.150611527242177,15.866769188311423,15.58048818585047,15.043048212326937,14.68420390830795,16.653023313054234,16.402993480380474,15.866769188311423,15.365622408134072
2021-11-15 10:51:20.822304,14.504597013948796,14.108988241890643,13.207126554651495,12.264385419991243,14.935444458745565,14.43271769292295,14.036985272011236,13.062432060864353,15.365622408134072,15.078907074920664,13.85687247843083,13.351705466002556,16.224324614370403,15.365622408134072,15.007184856590527,14.144980909921287,15.902538843020807,15.473072745157992,14.899567313003786,14.576455231217778,17.08140163490009,16.54588200428725,16.11708986225358,15.258135796516513,15.902538843020807,15.58048818585047,15.043048212326937,14.68420390830795,16.760144602580226,16.474442685168356,15.974068393169375,15.437259911485
2021-11-15 10:51:26.481909,14.504597013948796,14.108988241890643,13.207126554651495,12.264385419991243,15.043048212326937,14.504597013948796,14.108988241890643,13.134793978291327,15.365622408134072,15.043048212326937,13.85687247843083,13.351705466002556,16.331533993361973,15.473072745157992,15.078907074920664,14.216948879576478,15.902538843020807,15.437259911485,14.899567313003786,14.576455231217778,17.224137891969633,16.653023313054234,16.188582582716606,15.329797636304761,15.866769188311423,15.58048818585047,15.043048212326937,14.68420390830795,16.867247202444503,16.58159808044985,16.04558526585845,15.544686831439265
2021-11-15 10:51:32.157553,14.504597013948796,14.108988241890643,13.207126554651495,12.264385419991243,15.150611527242177,14.612376557564687,14.216948879576478,13.207126554651495,15.365622408134072,15.043048212326937,13.85687247843083,13.351705466002556,16.438719343251194,15.544686831439265,15.186457220093132,14.28889404967748,15.902538843020807,15.437259911485,14.899567313003786,14.576455231217778,17.331174787940768,16.760144602580226,16.295800269891174,15.401443149492422,15.902538843020807,15.58048818585047,15.043048212326937,14.68420390830795,16.97433243888412,16.688732568194837,16.11708986225358,15.58048818585047
2021-11-15 10:51:37.863199,14.504597013948796,14.108988241890643,13.207126554651495,12.300747009740462,15.258135796516513,14.720110037544487,14.28889404967748,13.279430235770576,15.365622408134072,15.043048212326937,13.85687247843083,13.351705466002556,16.58159808044985,15.65207977129461,15.293968782840295,14.360816845949728,15.938305227882154,15.437259911485,14.899567313003786,14.576455231217778,17.438200031462316,16.867247202444503,16.367265046963553,15.473072745157992,15.902538843020807,15.58048818585047,15.043048212326937,14.720110037544487,17.08140163490009,16.760144602580226,16.224324614370403,15.65207977129461
2021-11-15 10:51:43.541287,14.540528734210852,14.108988241890643,13.207126554651495,12.300747009740462,15.365622408134072,14.791907465331008,14.360816845949728,13.351705466002556,15.365622408134072,15.043048212326937,13.85687247843083,13.351705466002556,16.688732568194837,15.75944010157383,15.365622408134072,14.43271769292295,15.938305227882154,15.437259911485,14.899567313003786,14.612376557564687,17.580884494248664,16.97433243888412,16.474442685168356,15.544686831439265,15.902538843020807,15.58048818585047,15.043048212326937,14.720110037544487,17.188456110362154,16.831548330518103,16.295800269891174,15.687870103790885
2021-11-15 10:51:49.209728,14.540528734210852,14.108988241890643,13.207126554651495,12.300747009740462,15.473072745157992,14.899567313003786,14.43271769292295,13.387832550499013,15.401443149492422,15.043048212326937,13.85687247843083,13.387832550499013,16.7958474802698,15.866769188311423,15.437259911485,14.504597013948796,15.938305227882154,15.437259911485,14.899567313003786,14.612376557564687,17.687887639248856,17.08140163490009,16.54588200428725,15.616285815549077,15.938305227882154,15.58048818585047,15.043048212326937,14.720110037544487,17.259818232998953,16.938639207608162,16.367265046963553,15.75944010157383
2021-11-15 10:51:54.813312,14.576455231217778,14.108988241890643,13.207126554651495,12.300747009740462,15.544686831439265,14.971316955991483,14.504597013948796,13.460065934393356,15.401443149492422,15.043048212326937,13.85687247843083,13.387832550499013,16.938639207608162,15.938305227882154,15.544686831439265,14.576455231217778,15.938305227882154,15.437259911485,14.899567313003786,14.612376557564687,17.79488348880915,17.15277283947745,16.653023313054234,15.687870103790885,15.938305227882154,15.58048818585047,15.043048212326937,14.720110037544487,17.402526164073436,17.01002388791659,16.438719343251194,15.830996213428307
2021-11-15 10:52:00.484386,14.576455231217778,14.108988241890643,13.207126554651495,12.337099954440134,15.65207977129461,15.043048212326937,14.576455231217778,13.496172343980959,15.401443149492422,15.043048212326937,13.85687247843083,13.387832550499013,17.01002388791659,16.00982838910454,15.58048818585047,14.612376557564687,15.974068393169375,15.437259911485,14.899567313003786,14.612376557564687,17.901873344556748,17.259818232998953,16.724439648289092,15.75944010157383,15.938305227882154,15.58048818585047,15.043048212326937,14.756011205802736,17.473872749732436,17.08140163490009,16.51016355567947,15.866769188311423
2021-11-15 10:52:06.090698,14.576455231217778,14.108988241890643,13.207126554651495,12.337099954440134,15.75944010157383,15.114761496028109,14.648292765776489,13.568364873252335,15.437259911485,15.043048212326937,13.85687247843083,13.423952688249585,17.117088030580646,16.11708986225358,15.687870103790885,14.68420390830795,15.974068393169375,15.437259911485,14.899567313003786,14.648292765776489,18.00885850576958,17.331174787940768,16.7958474802698,15.830996213428307,15.974068393169375,15.58048818585047,15.043048212326937,14.756011205802736,17.580884494248664,17.188456110362154,16.58159808044985,15.938305227882154
2021-11-15 10:52:11.801368,14.612376557564687,14.108988241890643,13.207126554651495,12.337099954440134,15.830996213428307,-1,14.68420390830795,13.604451102601047,15.437259911485,15.043048212326937,13.85687247843083,13.423952688249585,17.224137891969633,16.188582582716606,15.75944010157383,14.720110037544487,15.974068393169375,15.437259911485,14.899567313003786,14.648292765776489,18.115840269475598,17.438200031462316,16.902944145128174,15.866769188311423,15.974068393169375,15.58048818585047,15.043048212326937,14.756011205802736,17.652220799200734,17.259818232998953,16.653023313054234,15.974068393169375
2021-11-15 10:52:17.558662,14.612376557564687,14.108988241890643,13.243281979309756,12.373444312168886,15.938305227882154,15.258135796516513,14.791907465331008,13.676603764241008,15.473072745157992,15.043048212326937,13.85687247843083,13.460065934393356,17.331174787940768,16.295800269891174,15.795219867992842,14.791907465331008,16.00982838910454,15.437259911485,14.899567313003786,14.648292765776489,18.222819930551168,17.50954436734196,16.97433243888412,15.938305227882154,16.00982838910454,15.58048818585047,15.043048212326937,14.791907465331008,17.759218935830177,17.331174787940768,16.688732568194837,16.00982838910454
2021-11-15 10:52:23.296604,14.648292765776489,14.108988241890643,13.243281979309756,12.373444312168886,16.00982838910454,15.329797636304761,14.827798868309628,13.712670305682991,15.473072745157992,15.043048212326937,13.85687247843083,13.460065934393356,17.438200031462316,16.367265046963553,15.902538843020807,14.827798868309628,16.00982838910454,15.437259911485,14.899567313003786,14.68420390830795,18.32979878181942,17.616553100300223,17.045713603627348,15.974068393169375,16.04558526585845,15.58048818585047,15.043048212326937,14.791907465331008,17.830547375828246,17.402526164073436,16.760144602580226,16.04558526585845
2021-11-15 10:52:29.003676,14.648292765776489,14.108988241890643,13.243281979309756,12.373444312168886,16.11708986225358,15.401443149492422,14.899567313003786,13.748730393499443,15.508881701499377,15.043048212326937,13.85687247843083,13.460065934393356,17.545214932716362,16.438719343251194,15.938305227882154,14.899567313003786,16.04558526585845,15.437259911485,14.899567313003786,14.68420390830795,18.436778114147387,17.652220799200734,17.08140163490009,16.04558526585845,16.04558526585845,15.58048818585047,15.043048212326937,14.827798868309628,17.901873344556748,17.438200031462316,16.7958474802698,16.081339073551476
2021-11-15 10:52:34.661860,14.68420390830795,14.108988241890643,13.243281979309756,12.409780140897567,16.152837681984977,15.437259911485,14.935444458745565,13.784784082055296,15.508881701499377,15.043048212326937,13.85687247843083,13.460065934393356,17.616553100300223,16.51016355567947,16.00982838910454,14.935444458745565,16.04558526585845,15.437259911485,14.899567313003786,14.720110037544487,18.50809857290892,17.723553668712725,17.15277283947745,16.081339073551476,16.081339073551476,15.58048818585047,15.078907074920664,14.827798868309628,17.973197226871605,17.50954436734196,16.867247202444503,16.11708986225358
2021-11-15 10:52:40.453679,14.68420390830795,14.108988241890643,13.243281979309756,12.409780140897567,16.260063826820044,15.508881701499377,15.007184856590527,13.820831425632662,15.544686831439265,15.043048212326937,13.85687247843083,13.496172343980959,17.723553668712725,16.58159808044985,16.081339073551476,14.971316955991483,16.081339073551476,15.437259911485,14.935444458745565,14.720110037544487,18.615081570591315,17.830547375828246,17.224137891969633,16.152837681984977,16.081339073551476,15.616285815549077,15.078907074920664,14.827798868309628,18.08017997910048,17.580884494248664,16.902944145128174,16.188582582716606
2021-11-15 10:52:46.178896,14.720110037544487,14.108988241890643,13.243281979309756,12.446107498490505,16.331533993361973,15.58048818585047,15.043048212326937,13.85687247843083,15.58048818585047,15.043048212326937,13.892907294567408,13.496172343980959,17.79488348880915,16.61731183358188,16.11708986225358,15.043048212326937,16.081339073551476,15.437259911485,14.935444458745565,14.720110037544487,18.72206848281928,17.901873344556748,17.29549718211331,16.188582582716606,16.11708986225358,15.616285815549077,15.078907074920664,14.863685466851791,18.151500326241944,17.652220799200734,16.97433243888412,16.224324614370403
2021-11-15 10:52:51.861818,14.756011205802736,14.144980909921287,13.279430235770576,12.446107498490505,16.402993480380474,15.616285815549077,15.078907074920664,13.892907294567408,15.58048818585047,15.043048212326937,13.892907294567408,13.532271971975376,17.866210645037143,16.688732568194837,16.188582582716606,15.078907074920664,16.11708986225358,15.437259911485,14.935444458745565,14.756011205802736,18.793395900113296,17.973197226871605,17.36685109907455,16.224324614370403,16.152837681984977,15.616285815549077,15.078907074920664,14.863685466851791,18.222819930551168,17.687887639248856,17.01002388791659,16.260063826820044
2021-11-15 10:52:57.574164,14.756011205802736,14.144980909921287,13.279430235770576,12.446107498490505,16.474442685168356,15.687870103790885,15.114761496028109,13.928935928078488,15.616285815549077,15.043048212326937,13.892907294567408,13.532271971975376,17.973197226871605,16.760144602580226,16.224324614370403,15.114761496028109,16.152837681984977,15.437259911485,14.935444458745565,14.756011205802736,18.864726008357366,18.00885850576958,17.402526164073436,16.295800269891174,16.152837681984977,15.616285815549077,15.078907074920664,14.863685466851791,18.25847957383337,17.723553668712725,17.045713603627348,16.295800269891174
2021-11-15 10:53:03.299344,14.791907465331008,14.144980909921287,13.279430235770576,12.482426442706014,16.54588200428725,15.72365686368613,15.150611527242177,13.964958432919389,15.65207977129461,15.043048212326937,13.892907294567408,13.532271971975376,18.04451940718451,16.7958474802698,16.260063826820044,15.150611527242177,16.188582582716606,15.473072745157992,14.935444458745565,14.756011205802736,18.9717270472932,18.08017997910048,17.473872749732436,16.331533993361973,16.188582582716606,15.616285815549077,15.114761496028109,14.899567313003786,18.32979878181942,17.79488348880915,17.08140163490009,16.331533993361973
2021-11-15 10:53:08.987405,14.827798868309628,14.144980909921287,13.279430235770576,12.482426442706014,16.61731183358188,15.795219867992842,15.222298626049167,14.000974862965165,15.687870103790885,15.078907074920664,13.928935928078488,13.568364873252335,18.115840269475598,16.867247202444503,16.331533993361973,15.186457220093132,16.188582582716606,15.473072745157992,14.971316955991483,14.791907465331008,19.007395817172778,18.115840269475598,17.50954436734196,16.367265046963553,16.224324614370403,15.616285815549077,15.114761496028109,14.899567313003786,18.401118203648025,17.830547375828246,17.15277283947745,16.367265046963553
2021-11-15 10:53:14.689905,14.863685466851791,14.144980909921287,13.31557137953223,12.518737031196963,16.653023313054234,15.830996213428307,15.258135796516513,14.036985272011236,15.687870103790885,15.078907074920664,13.928935928078488,13.568364873252335,18.18716019730647,16.938639207608162,16.367265046963553,15.222298626049167,16.224324614370403,15.473072745157992,14.971316955991483,14.791907465331008,19.078736276812833,18.18716019730647,17.545214932716362,16.402993480380474,16.260063826820044,15.616285815549077,15.114761496028109,14.935444458745565,18.47243822133538,17.901873344556748,17.188456110362154,16.402993480380474
2021-11-15 10:53:20.351586,14.863685466851791,14.18096777134815,13.31557137953223,12.518737031196963,16.724439648289092,15.866769188311423,15.293968782840295,14.072989713773836,15.72365686368613,15.078907074920664,13.928935928078488,13.568364873252335,18.25847957383337,16.97433243888412,16.402993480380474,15.258135796516513,16.260063826820044,15.473072745157992,14.971316955991483,14.827798868309628,19.150080945565264,18.222819930551168,17.616553100300223,16.438719343251194,16.295800269891174,15.65207977129461,15.150611527242177,14.935444458745565,18.50809857290892,17.93753552247989,17.224137891969633,16.402993480380474
2021-11-15 10:53:25.970841,14.899567313003786,14.18096777134815,13.31557137953223,12.555039321511572,16.760144602580226,15.902538843020807,15.329797636304761,14.108988241890643,15.75944010157383,15.114761496028109,13.928935928078488,13.604451102601047,18.32979878181942,17.045713603627348,16.438719343251194,15.293968782840295,16.295800269891174,15.508881701499377,14.971316955991483,14.827798868309628,19.221430202350575,18.294139174986242,17.652220799200734,16.474442685168356,16.295800269891174,15.65207977129461,15.150611527242177,14.935444458745565,18.579420199892752,17.973197226871605,17.259818232998953,16.438719343251194
2021-11-15 10:53:31.575743,14.935444458745565,14.18096777134815,13.351705466002556,12.555039321511572,16.831548330518103,15.974068393169375,15.365622408134072,14.144980909921287,15.795219867992842,15.114761496028109,13.928935928078488,13.604451102601047,18.365458442118893,17.08140163490009,16.474442685168356,15.329797636304761,16.295800269891174,15.508881701499377,15.007184856590527,14.827798868309628,19.292784425865875,18.365458442118893,17.687887639248856,16.54588200428725,16.331533993361973,15.65207977129461,15.150611527242177,14.971316955991483,18.615081570591315,18.00885850576958,17.259818232998953,16.474442685168356
2021-11-15 10:53:37.236693,14.935444458745565,14.18096777134815,13.351705466002556,12.555039321511572,16.867247202444503,15.974068393169375,15.401443149492422,14.144980909921287,15.795219867992842,15.114761496028109,13.964958432919389,13.640530714724662,18.436778114147387,17.117088030580646,16.54588200428725,15.365622408134072,16.331533993361973,15.508881701499377,15.007184856590527,14.863685466851791,19.364143994596986,18.401118203648025,17.723553668712725,16.54588200428725,16.367265046963553,15.687870103790885,15.150611527242177,14.971316955991483,18.650743376252535,18.04451940718451,17.331174787940768,16.474442685168356
2021-11-15 10:53:42.900353,14.971316955991483,14.216948879576478,13.351705466002556,12.591333371094038,16.938639207608162,16.04558526585845,15.437259911485,14.18096777134815,15.830996213428307,15.114761496028109,13.964958432919389,13.640530714724662,18.50809857290892,17.188456110362154,16.58159808044985,15.401443149492422,16.367265046963553,15.508881701499377,15.007184856590527,14.863685466851791,19.435509286831177,18.436778114147387,17.79488348880915,16.58159808044985,16.402993480380474,15.687870103790885,15.186457220093132,15.007184856590527,18.72206848281928,18.08017997910048,17.36685109907455,16.51016355567947
2021-11-15 10:53:48.592758,15.007184856590527,14.216948879576478,13.387832550499013,12.591333371094038,16.97433243888412,16.081339073551476,15.437259911485,14.216948879576478,15.866769188311423,15.150611527242177,13.964958432919389,13.676603764241008,18.543759216543208,17.188456110362154,16.61731183358188,15.401443149492422,16.402993480380474,15.544686831439265,15.043048212326937,14.899567313003786,19.471194197425234,18.47243822133538,17.830547375828246,16.61731183358188,16.438719343251194,15.687870103790885,15.186457220093132,15.007184856590527,18.7577318788546,18.115840269475598,17.36685109907455,16.54588200428725
2021-11-15 10:53:54.220486,15.043048212326937,14.252924287935173,13.387832550499013,12.591333371094038,17.01002388791659,16.11708986225358,15.508881701499377,14.216948879576478,15.902538843020807,15.150611527242177,14.000974862965165,13.676603764241008,18.615081570591315,17.259818232998953,16.653023313054234,15.437259911485,16.402993480380474,15.544686831439265,15.043048212326937,14.899567313003786,19.542568783797435,18.543759216543208,17.866210645037143,16.653023313054234,16.438719343251194,15.72365686368613,15.186457220093132,15.043048212326937,18.793395900113296,18.151500326241944,17.402526164073436,16.54588200428725
2021-11-15 10:53:59.900354,15.078907074920664,14.252924287935173,13.423952688249585,12.627619237285273,17.08140163490009,16.152837681984977,15.544686831439265,14.28889404967748,15.938305227882154,15.186457220093132,14.000974862965165,13.712670305682991,18.686405664470442,17.29549718211331,16.688732568194837,15.473072745157992,16.438719343251194,15.544686831439265,15.043048212326937,14.935444458745565,19.613950038600706,18.579420199892752,17.901873344556748,16.688732568194837,16.474442685168356,15.72365686368613,15.222298626049167,15.043048212326937,18.864726008357366,18.18716019730647,17.438200031462316,16.58159808044985
2021-11-15 10:54:05.563312,15.078907074920664,14.28889404967748,13.423952688249585,12.627619237285273,17.117088030580646,16.152837681984977,15.544686831439265,14.28889404967748,15.974068393169375,15.186457220093132,14.036985272011236,13.712670305682991,18.72206848281928,17.36685109907455,16.724439648289092,15.508881701499377,16.474442685168356,15.58048818585047,15.078907074920664,14.935444458745565,19.649643284696992,18.615081570591315,17.93753552247989,16.724439648289092,16.51016355567947,15.75944010157383,15.222298626049167,15.043048212326937,18.90039219032701,18.222819930551168,17.473872749732436,16.61731183358188
2021-11-15 10:54:11.242564,15.150611527242177,14.28889404967748,13.423952688249585,12.663896977323304,17.15277283947745,16.224324614370403,15.58048818585047,14.324858217981273,16.00982838910454,15.186457220093132,14.036985272011236,13.748730393499443,18.793395900113296,17.402526164073436,16.760144602580226,15.544686831439265,16.51016355567947,15.616285815549077,15.078907074920664,14.971316955991483,19.721035250264947,18.650743376252535,17.973197226871605,16.724439648289092,16.54588200428725,15.75944010157383,15.258135796516513,15.078907074920664,18.936059187489036,18.294139174986242,17.50954436734196,16.653023313054234
2021-11-15 10:54:16.931157,