2021-11-15 10:50:25.272092,-1,-1,-1,-1,-1,-1,-1,-1,-1,-1,-1,-1,-1,-1,-1,-1,-1,-1,-1,-1,-1,-1,-1,-1,-1,-1,-1,-1,-1,-1,-1,-1
2021-11-15 10:50:35.333684,16.260063826820044,15.902538843020807,15.401443149492422,14.935444458745565,16.902944145128174,16.402993480380474,15.974068393169375,15.437259911485,-1,-1,-1,-1,-1,-1,-1,15.401443149492422,-1,-1,-1,-1,-1,-1,15.795219867992842,15.258135796516513,15.866769188311423,15.473072745157992,14.720110037544487,14.504597013948796,15.974068393169375,15.65207977129461,15.114761496028109,14.648292765776489
2021-11-15 10:50:41.018452,16.260063826820044,15.902538843020807,15.401443149492422,14.935444458745565,16.902944145128174,16.438719343251194,16.00982838910454,15.473072745157992,16.367265046963553,15.902538843020807,15.222298626049167,14.863685466851791,16.867247202444503,16.54588200428725,15.902538843020807,15.437259911485,16.152837681984977,15.830996213428307,15.150611527242177,14.648292765776489,16.867247202444503,16.367265046963553,15.830996213428307,15.293968782840295,15.866769188311423,15.508881701499377,14.720110037544487,14.504597013948796,15.974068393169375,15.65207977129461,15.150611527242177,14.648292765776489
2021-11-15 10:50:46.657615,16.224324614370403,15.902538843020807,15.401443149492422,14.935444458745565,16.938639207608162,16.474442685168356,16.081339073551476,15.508881701499377,16.331533993361973,15.902538843020807,15.222298626049167,14.863685466851791,16.902944145128174,16.58159808044985,15.974068393169375,15.473072745157992,16.152837681984977,15.830996213428307,15.150611527242177,14.612376557564687,16.902944145128174,16.402993480380474,15.866769188311423,15.329797636304761,15.830996213428307,15.473072745157992,14.756011205802736,14.504597013948796,16.00982838910454,15.687870103790885,15.186457220093132,14.68420390830795
2021-11-15 10:50:52.356521,16.224324614370403,15.902538843020807,15.401443149492422,14.971316955991483,17.045713603627348,16.54588200428725,16.152837681984977,15.58048818585047,16.331533993361973,15.902538843020807,15.222298626049167,14.863685466851791,16.97433243888412,16.653023313054234,16.00982838910454,15.544686831439265,16.152837681984977,15.830996213428307,15.150611527242177,14.612376557564687,16.938639207608162,16.474442685168356,15.938305227882154,15.401443149492422,15.830996213428307,15.473072745157992,14.720110037544487,14.504597013948796,16.04558526585845,15.75944010157383,15.222298626049167,14.756011205802736
2021-11-15 10:50:57.961851,16.224324614370403,15.902538843020807,15.437259911485,14.971316955991483,17.117088030580646,16.653023313054234,16.224324614370403,15.65207977129461,16.331533993361973,15.902538843020807,15.222298626049167,14.863685466851791,17.01002388791659,16.724439648289092,16.081339073551476,15.616285815549077,16.152837681984977,15.830996213428307,15.150611527242177,14.612376557564687,17.045713603627348,16.54588200428725,16.00982838910454,15.473072745157992,15.830996213428307,15.473072745157992,14.720110037544487,14.504597013948796,16.152837681984977,15.830996213428307,15.293968782840295,14.791907465331008
2021-11-15 10:51:03.571594,16.224324614370403,15.902538843020807,15.401443149492422,14.935444458745565,17.224137891969633,16.724439648289092,16.295800269891174,15.687870103790885,16.331533993361973,15.902538843020807,15.222298626049167,14.863685466851791,17.117088030580646,16.831548330518103,16.188582582716606,15.687870103790885,16.152837681984977,15.830996213428307,15.150611527242177,14.612376557564687,17.117088030580646,16.653023313054234,16.11708986225358,15.544686831439265,15.830996213428307,15.473072745157992,14.720110037544487,14.504597013948796,16.224324614370403,15.902538843020807,15.365622408134072,14.863685466851791
2021-11-15 10:51:09.332471,16.224324614370403,15.902538843020807,15.437259911485,14.971316955991483,17.331174787940768,16.831548330518103,16.402993480380474,15.795219867992842,16.295800269891174,15.902538843020807,15.222298626049167,14.863685466851791,17.224137891969633,16.938639207608162,16.260063826820044,15.75944010157383,16.11708986225358,15.830996213428307,15.150611527242177,14.612376557564687,17.224137891969633,16.724439648289092,16.224324614370403,15.65207977129461,15.830996213428307,15.473072745157992,14.720110037544487,14.504597013948796,16.295800269891174,15.974068393169375,15.473072745157992,14.935444458745565
2021-11-15 10:51:14.987248,16.224324614370403,15.902538843020807,15.401443149492422,14.971316955991483,17.438200031462316,16.938639207608162,16.51016355567947,15.830996213428307,16.295800269891174,15.902538843020807,15.186457220093132,14.863685466851791,17.331174787940768,17.045713603627348,16.367265046963553,15.830996213428307,16.11708986225358,15.830996213428307,15.150611527242177,14.648292765776489,17.331174787940768,16.831548330518103,16.331533993361973,15.72365686368613,15.830996213428307,15.473072745157992,14.720110037544487,14.504597013948796,16.402993480380474,16.04558526585845,15.544686831439265,15.007184856590527
2021-11-15 10:51:20.601716,16.224324614370403,15.902538843020807,15.401443149492422,14.971316955991483,17.545214932716362,17.01002388791659,16.58159808044985,15.902538843020807,16.295800269891174,15.902538843020807,15.186457220093132,14.863685466851791,17.473872749732436,17.117088030580646,16.474442685168356,15.902538843020807,16.11708986225358,15.830996213428307,15.150611527242177,14.648292765776489,17.438200031462316,16.938639207608162,16.438719343251194,15.830996213428307,15.830996213428307,15.473072745157992,14.720110037544487,14.540528734210852,16.51016355567947,16.152837681984977,15.616285815549077,15.078907074920664
2021-11-15 10:51:26.253567,16.224324614370403,15.902538843020807,15.401443149492422,14.971316955991483,17.652220799200734,17.117088030580646,16.688732568194837,15.974068393169375,16.331533993361973,15.902538843020807,15.186457220093132,14.899567313003786,17.580884494248664,17.224137891969633,16.54588200428725,16.00982838910454,16.152837681984977,15.830996213428307,15.150611527242177,14.648292765776489,17.580884494248664,17.045713603627348,16.54588200428725,15.902538843020807,15.830996213428307,15.473072745157992,14.720110037544487,14.540528734210852,16.61731183358188,16.260063826820044,15.72365686368613,15.150611527242177
2021-11-15 10:51:31.924379,16.224324614370403,15.902538843020807,15.401443149492422,14.971316955991483,17.79488348880915,17.224137891969633,16.760144602580226,16.04558526585845,16.331533993361973,15.902538843020807,15.222298626049167,14.899567313003786,17.687887639248856,17.331174787940768,16.653023313054234,16.04558526585845,16.152837681984977,15.795219867992842,15.150611527242177,14.648292765776489,17.723553668712725,17.15277283947745,16.61731183358188,16.00982838910454,15.830996213428307,15.473072745157992,14.720110037544487,14.540528734210852,16.724439648289092,16.331533993361973,15.795219867992842,15.222298626049167
2021-11-15 10:51:37.540783,16.260063826820044,15.902538843020807,15.437259911485,14.971316955991483,17.901873344556748,17.331174787940768,16.867247202444503,16.11708986225358,16.331533993361973,15.866769188311423,15.222298626049167,14.899567313003786,17.79488348880915,17.438200031462316,16.724439648289092,16.152837681984977,16.152837681984977,15.795219867992842,15.150611527242177,14.68420390830795,17.830547375828246,17.259818232998953,16.724439648289092,16.081339073551476,15.830996213428307,15.473072745157992,14.756011205802736,14.540528734210852,16.831548330518103,16.402993480380474,15.866769188311423,15.293968782840295
2021-11-15 10:51:43.254407,16.260063826820044,15.902538843020807,15.437259911485,15.007184856590527,18.00885850576958,17.402526164073436,16.938639207608162,16.188582582716606,16.331533993361973,15.866769188311423,15.222298626049167,14.899567313003786,17.93753552247989,17.545214932716362,16.831548330518103,16.224324614370403,16.152837681984977,15.795219867992842,15.150611527242177,14.68420390830795,17.973197226871605,17.402526164073436,16.831548330518103,16.188582582716606,15.866769188311423,15.473072745157992,14.756011205802736,14.576455231217778,16.938639207608162,16.51016355567947,15.938305227882154,15.329797636304761
2021-11-15 10:51:48.875228,16.260063826820044,15.902538843020807,15.437259911485,15.007184856590527,18.151500326241944,17.50954436734196,17.045713603627348,16.224324614370403,16.367265046963553,15.866769188311423,15.222298626049167,14.899567313003786,18.04451940718451,17.616553100300223,16.902944145128174,16.260063826820044,16.188582582716606,15.795219867992842,15.150611527242177,14.68420390830795,18.08017997910048,17.50954436734196,16.938639207608162,16.260063826820044,15.866769188311423,15.473072745157992,14.756011205802736,14.576455231217778,17.01002388791659,16.58159808044985,16.00982838910454,15.401443149492422
2021-11-15 10:51:54.595267,16.295800269891174,15.902538843020807,15.437259911485,15.007184856590527,18.25847957383337,17.616553100300223,17.117088030580646,16.295800269891174,16.367265046963553,15.866769188311423,15.222298626049167,14.935444458745565,18.151500326241944,17.723553668712725,17.01002388791659,16.331533993361973,16.188582582716606,15.795219867992842,15.150611527242177,14.68420390830795,18.18716019730647,17.580884494248664,17.01002388791659,16.331533993361973,15.866769188311423,15.473072745157992,14.756011205802736,14.612376557564687,17.117088030580646,16.653023313054234,16.081339073551476,-1
2021-11-15 10:52:00.205541,16.295800269891174,15.902538843020807,15.437259911485,15.043048212326937,18.365458442118893,17.687887639248856,17.188456110362154,16.367265046963553,16.367265046963553,15.866769188311423,15.222298626049167,14.935444458745565,18.25847957383337,17.830547375828246,17.08140163490009,16.402993480380474,16.188582582716606,15.795219867992842,15.150611527242177,14.720110037544487,18.32979878181942,17.687887639248856,17.117088030580646,16.402993480380474,15.902538843020807,15.473072745157992,14.756011205802736,14.612376557564687,17.224137891969633,16.724439648289092,16.152837681984977,15.508881701499377
2021-11-15 10:52:05.866848,16.331533993361973,15.902538843020807,15.437259911485,15.043048212326937,18.47243822133538,17.759218935830177,17.259818232998953,16.402993480380474,16.402993480380474,15.866769188311423,15.222298626049167,14.935444458745565,18.365458442118893,17.901873344556748,17.15277283947745,16.474442685168356,16.224324614370403,15.795219867992842,15.150611527242177,14.720110037544487,18.436778114147387,17.79488348880915,17.188456110362154,16.474442685168356,15.902538843020807,15.437259911485,14.756011205802736,14.612376557564687,17.29549718211331,16.7958474802698,16.224324614370403,15.544686831439265
2021-11-15 10:52:11.543280,16.331533993361973,15.902538843020807,15.437259911485,15.043048212326937,18.579420199892752,17.866210645037143,17.331174787940768,16.438719343251194,16.402993480380474,15.866769188311423,15.222298626049167,14.971316955991483,18.47243822133538,17.973197226871605,17.224137891969633,16.51016355567947,16.224324614370403,15.795219867992842,15.186457220093132,14.756011205802736,18.543759216543208,17.866210645037143,17.29549718211331,16.54588200428725,15.938305227882154,15.473072745157992,14.756011205802736,14.648292765776489,17.402526164073436,16.867247202444503,16.295800269891174,15.616285815549077
2021-11-15 10:52:17.153962,16.331533993361973,15.902538843020807,15.437259911485,15.078907074920664,18.650743376252535,17.93753552247989,17.402526164073436,16.474442685168356,16.438719343251194,15.866769188311423,15.222298626049167,14.971316955991483,18.615081570591315,18.08017997910048,17.29549718211331,16.58159808044985,16.260063826820044,15.795219867992842,15.150611527242177,14.756011205802736,18.650743376252535,17.973197226871605,17.36685109907455,16.61731183358188,15.938305227882154,15.473072745157992,14.756011205802736,14.648292765776489,17.473872749732436,16.938639207608162,16.331533993361973,15.65207977129461
2021-11-15 10:52:22.813164,16.367265046963553,15.902538843020807,15.437259911485,15.078907074920664,18.7577318788546,18.00885850576958,17.438200031462316,16.54588200428725,16.474442685168356,15.902538843020807,15.222298626049167,14.971316955991483,18.686405664470442,18.151500326241944,17.36685109907455,16.61731183358188,16.295800269891174,15.795219867992842,15.150611527242177,14.791907465331008,18.7577318788546,18.04451940718451,17.438200031462316,16.688732568194837,15.974068393169375,15.473072745157992,14.756011205802736,14.68420390830795,17.545214932716362,17.01002388791659,16.402993480380474,15.687870103790885
2021-11-15 10:52:28.532486,16.402993480380474,15.902538843020807,15.437259911485,15.078907074920664,18.82906059411397,18.08017997910048,17.50954436734196,16.58159808044985,16.474442685168356,15.902538843020807,15.222298626049167,15.007184856590527,-1,18.222819930551168,17.438200031462316,16.688732568194837,16.295800269891174,15.830996213428307,15.186457220093132,14.791907465331008,18.864726008357366,18.115840269475598,17.50954436734196,16.724439648289092,16.00982838910454,15.473072745157992,14.756011205802736,14.68420390830795,17.616553100300223,17.045713603627348,16.438719343251194,15.72365686368613
2021-11-15 10:52:34.116987,16.438719343251194,15.902538843020807,15.473072745157992,15.114761496028109,18.936059187489036,18.151500326241944,17.580884494248664,16.61731183358188,16.51016355567947,15.902538843020807,15.222298626049167,15.007184856590527,18.90039219032701,18.294139174986242,17.50954436734196,16.724439648289092,16.331533993361973,15.830996213428307,15.186457220093132,14.791907465331008,18.936059187489036,18.222819930551168,17.580884494248664,16.7958474802698,16.00982838910454,15.473072745157992,14.791907465331008,14.68420390830795,17.687887639248856,17.117088030580646,16.51016355567947,15.75944010157383
2021-11-15 10:52:39.801057,16.438719343251194,15.902538843020807,15.473072745157992,15.114761496028109,19.043065544545357,18.222819930551168,17.616553100300223,16.653023313054234,16.54588200428725,15.902538843020807,15.258135796516513,15.043048212326937,18.9717270472932,18.365458442118893,17.545214932716362,16.760144602580226,16.367265046963553,15.830996213428307,15.186457220093132,14.827798868309628,19.043065544545357,18.294139174986242,17.652220799200734,16.831548330518103,16.04558526585845,15.473072745157992,14.791907465331008,14.720110037544487,17.759218935830177,17.15277283947745,16.54588200428725,15.795219867992842
2021-11-15 10:52:45.394918,16.474442685168356,15.938305227882154,15.473072745157992,15.114761496028109,19.1144080613621,18.25847957383337,17.687887639248856,16.688732568194837,16.54588200428725,15.902538843020807,15.258135796516513,15.043048212326937,19.043065544545357,18.436778114147387,17.580884494248664,16.7958474802698,16.402993480380474,15.830996213428307,15.186457220093132,14.827798868309628,19.150080945565264,18.365458442118893,17.723553668712725,16.867247202444503,16.081339073551476,15.473072745157992,14.791907465331008,14.720110037544487,17.830547375828246,17.224137891969633,16.58159808044985,15.830996213428307
2021-11-15 10:52:51.012569,16.51016355567947,15.938305227882154,15.473072745157992,15.150611527242177,19.185754976780174,18.32979878181942,17.723553668712725,16.724439648289092,16.58159808044985,15.902538843020807,15.258135796516513,15.043048212326937,19.150080945565264,18.50809857290892,17.652220799200734,16.867247202444503,16.402993480380474,15.830996213428307,15.222298626049167,14.863685466851791,19.221430202350575,18.436778114147387,17.759218935830177,16.938639207608162,16.11708986225358,15.508881701499377,14.827798868309628,14.756011205802736,17.901873344556748,17.259818232998953,16.61731183358188,15.866769188311423
2021-11-15 10:52:56.679150,16.51016355567947,15.938305227882154,15.508881701499377,15.150611527242177,19.257106669606856,18.401118203648025,17.759218935830177,16.760144602580226,16.61731183358188,15.902538843020807,15.258135796516513,15.078907074920664,19.221430202350575,18.579420199892752,17.723553668712725,16.902944145128174,16.438719343251194,15.866769188311423,15.222298626049167,14.863685466851791,19.328463518431988,18.50809857290892,17.830547375828246,16.97433243888412,16.11708986225358,15.508881701499377,14.827798868309628,14.756011205802736,17.973197226871605,17.331174787940768,16.653023313054234,15.902538843020807
2021-11-15 10:53:02.398529,16.54588200428725,15.938305227882154,15.508881701499377,15.186457220093132,19.328463518431988,18.436778114147387,17.830547375828246,16.7958474802698,16.653023313054234,15.938305227882154,15.258135796516513,15.078907074920664,19.292784425865875,18.615081570591315,17.759218935830177,16.938639207608162,16.474442685168356,15.866769188311423,15.222298626049167,14.899567313003786,19.399825901640668,18.579420199892752,17.866210645037143,17.045713603627348,16.152837681984977,15.508881701499377,14.827798868309628,14.756011205802736,18.00885850576958,17.36685109907455,16.688732568194837,15.938305227882154
2021-11-15 10:53:08.097038,16.58159808044985,15.974068393169375,15.508881701499377,15.186457220093132,19.399825901640668,18.50809857290892,17.866210645037143,16.831548330518103,16.653023313054234,15.938305227882154,15.293968782840295,15.114761496028109,19.364143994596986,18.686405664470442,17.79488348880915,16.97433243888412,16.51016355567947,15.866769188311423,15.222298626049167,14.899567313003786,19.471194197425234,18.650743376252535,17.93753552247989,17.08140163490009,16.188582582716606,15.508881701499377,14.827798868309628,14.791907465331008,18.08017997910048,17.402526164073436,16.724439648289092,15.974068393169375
2021-11-15 10:53:13.774070,16.61731183358188,15.974068393169375,15.508881701499377,15.186457220093132,19.471194197425234,18.543759216543208,17.901873344556748,16.867247202444503,16.688732568194837,15.938305227882154,15.293968782840295,15.114761496028109,19.435509286831177,18.72206848281928,17.866210645037143,17.01002388791659,16.54588200428725,15.866769188311423,15.258135796516513,14.899567313003786,19.542568783797435,18.686405664470442,17.973197226871605,17.08140163490009,16.224324614370403,15.544686831439265,14.827798868309628,14.791907465331008,18.115840269475598,17.438200031462316,16.760144602580226,15.974068393169375
2021-11-15 10:53:19.436694,16.653023313054234,15.974068393169375,15.508881701499377,15.222298626049167,19.542568783797435,18.579420199892752,17.93753552247989,16.902944145128174,16.724439648289092,15.938305227882154,15.293968782840295,15.150611527242177,19.50688068066887,18.793395900113296,17.901873344556748,17.045713603627348,16.58159808044985,15.902538843020807,15.258135796516513,14.935444458745565,19.613950038600706,18.7577318788546,18.04451940718451,17.15277283947745,16.224324614370403,15.544686831439265,14.863685466851791,14.827798868309628,18.18716019730647,17.473872749732436,16.7958474802698,16.00982838910454
2021-11-15 10:53:25.105770,16.653023313054234,15.974068393169375,15.544686831439265,15.222298626049167,19.57825855403621,18.650743376252535,18.00885850576958,16.902944145128174,16.760144602580226,15.974068393169375,15.329797636304761,15.150611527242177,19.57825855403621,18.82906059411397,17.93753552247989,17.08140163490009,16.58159808044985,15.902538843020807,15.258135796516513,14.935444458745565,19.721035250264947,18.793395900113296,18.08017997910048,17.188456110362154,16.260063826820044,15.544686831439265,14.863685466851791,14.827798868309628,18.222819930551168,17.50954436734196,16.831548330518103,16.04558526585845
2021-11-15 10:53:30.788855,16.688732568194837,16.00982838910454,15.544686831439265,15.222298626049167,19.649643284696992,18.686405664470442,18.04451940718451,16.938639207608162,16.7958474802698,15.974068393169375,15.329797636304761,15.150611527242177,19.649643284696992,18.90039219032701,17.973197226871605,17.117088030580646,16.61731183358188,15.902538843020807,15.293968782840295,14.971316955991483,19.75673406410533,18.864726008357366,18.115840269475598,17.224137891969633,16.295800269891174,15.58048818585047,14.863685466851791,14.827798868309628,18.294139174986242,17.545214932716362,16.867247202444503,16.081339073551476
2021-11-15 10:53:36.446457,16.724439648289092,16.00982838910454,15.544686831439265,15.258135796516513,19.721035250264947,18.72206848281928,18.08017997910048,16.97433243888412,16.7958474802698,15.974068393169375,15.329797636304761,15.186457220093132,19.721035250264947,18.936059187489036,18.04451940718451,17.15277283947745,16.653023313054234,15.938305227882154,15.293968782840295,14.971316955991483,19.82813758976124,18.90039219032701,18.18716019730647,17.259818232998953,16.331533993361973,15.58048818585047,14.899567313003786,14.863685466851791,18.32979878181942,17.580884494248664,16.902944145128174,16.081339073551476
2021-11-15 10:53:42.114949,16.760144602580226,16.00982838910454,15.58048818585047,15.258135796516513,19.75673406410533,18.793395900113296,18.115840269475598,17.01002388791659,16.831548330518103,16.00982838910454,15.329797636304761,15.186457220093132,19.75673406410533,18.9717270472932,18.08017997910048,17.188456110362154,16.688732568194837,15.938305227882154,15.329797636304761,15.007184856590527,19.899549293781263,18.9717270472932,18.222819930551168,17.29549718211331,16.367265046963553,15.58048818585047,14.899567313003786,14.863685466851791,18.365458442118893,17.652220799200734,16.938639207608162,16.11708986225358
2021-11-15 10:53:47.806083,16.7958474802698,16.04558526585845,15.58048818585047,15.293968782840295,19.82813758976124,18.793395900113296,18.115840269475598,17.045713603627348,16.867247202444503,16.00982838910454,15.365622408134072,15.186457220093132,19.82813758976124,19.043065544545357,18.115840269475598,17.224137891969633,16.724439648289092,15.974068393169375,15.329797636304761,15.007184856590527,19.935258330551562,19.007395817172778,18.25847957383337,17.331174787940768,16.402993480380474,15.616285815549077,14.899567313003786,14.899567313003786,18.401118203648025,17.652220799200734,16.97433243888412,16.152837681984977
2021-11-15 10:53:53.456872,16.7958474802698,16.04558526585845,15.58048818585047,15.293968782840295,19.863842395899326,18.864726008357366,18.18716019730647,17.045713603627348,16.902944145128174,16.04558526585845,15.365622408134072,15.222298626049167,19.899549293781263,19.078736276812833,18.151500326241944,17.259818232998953,16.760144602580226,15.974068393169375,15.329797636304761,15.043048212326937,20.006683009306585,19.078736276812833,18.32979878181942,17.36685109907455,16.438719343251194,15.616285815549077,14.935444458745565,14.899567313003786,18.47243822133538,17.687887639248856,16.97433243888412,16.152837681984977
2021-11-15 10:53:59.208360,16.831548330518103,16.081339073551476,15.616285815549077,15.329797636304761,19.935258330551562,18.90039219032701,18.18716019730647,17.08140163490009,16.938639207608162,16.04558526585845,15.401443149492422,15.222298626049167,19.935258330551562,19.1144080613621,18.18716019730647,17.259818232998953,16.7958474802698,16.00982838910454,15.365622408134072,15.043048212326937,20.078116809208836,19.1144080613621,18.365458442118893,17.402526164073436,16.474442685168356,15.65207977129461,14.935444458745565,14.899567313003786,18.50809857290892,17.723553668712725,17.01002388791659,16.188582582716606
2021-11-15 10:54:04.810022,16.867247202444503,16.081339073551476,15.616285815549077,15.329797636304761,20.006683009306585,18.936059187489036,18.25847957383337,17.117088030580646,16.97433243888412,16.081339073551476,15.401443149492422,15.258135796516513,20.006683009306585,19.150080945565264,18.222819930551168,17.29549718211331,16.831548330518103,16.00982838910454,15.365622408134072,15.078907074920664,20.14956010722483,19.150080945565264,18.401118203648025,17.438200031462316,16.51016355567947,15.65207977129461,14.935444458745565,14.935444458745565,18.543759216543208,17.759218935830177,17.045713603627348,16.224324614370403
2021-11-15 10:54:10.453478,16.902944145128174,16.11708986225358,15.65207977129461,15.329797636304761,20.04239874555219,18.9717270472932,18.25847957383337,17.117088030580646,17.01002388791659,16.081339073551476,15.437259911485,15.258135796516513,20.04239874555219,19.221430202350575,18.25847957383337,17.331174787940768,16.867247202444503,16.00982838910454,15.401443149492422,15.078907074920664,20.18528543580919,19.185754976780174,18.401118203648025,17.473872749732436,16.51016355567947,15.687870103790885,14.971316955991483,14.935444458745565,18.579420199892752,17.79488348880915,17.08140163490009,16.224324614370403
2021-11-15 10:54:16.092676,